HypLeptonEta  N_{Events} #eta^{l^{+}andl^{-}} 1 1 0 0 0 0 0 0 8 -2.4 -1.8 -1.2 -0.6 0.0 0.6 1.2 1.8 2.4 -2.1 -1.5 -0.9 -0.3 0.3 0.9 1.5 2.1
HypTTBarMass N_{Events} M^{t#bar{t}} 1 1 0 1 0.0001 0 0 0 5 345 400 475 550 700 1000 364 439 515 616 823 
HypLeptonpT N_{Events} p_{T}^{l^{+}andl^{-}} 1 1 0 1 0.00001 0 0 0 5 20 40 70 120 180 400 28 55 93 147 249
HypLLBarpT N_{Events} p_{T}^{l^{+}l^{-}} 1 1 0 1 0.00001 0 0 0 7 0 10 20 40 60 100 150 400 2 15 30 47 80 123 215
HypLLBarMass N_{Events} M^{l^{+}l^{-}} 1 1 0 1 0.0001 0 0 0 5 12 50 76 106 200 400 31 60 93 146 270
HypTTBarRapidity N_{Events} y^{t#bar{t}} 1 1 0 0 0 0 0 0 6 -2.5 -1.5 -0.7 0.0 0.7 1.5 2.5 -2.0 -1.0 -0.35 0.35 1.0 2.0
HypTTBarpT N_{Events} p_{T}^{t#bar{t}} 1 1 0 1 0.0001 0 0 0 4 0 20 60 120 500 5 39 86 231
HypTopRapidity N_{Events} y^{tand#bar{t}} 1 1 0 0 0 0 0 0 6 -2.5 -1.6 -0.8 0.0 0.8 1.6 2.5 -2.0 -1.2 -0.4 0.4 1.2 2.0
HypToppT N_{Events} p_{T}^{tand#bar{t}} 1 1 0 1 0.0001 0 0 0 4 0 70 140 240 400 32 109 185 308
HypBJetpT N_{Events} p_{T}^{band#bar{b}} 1 1 0 1 0.00001 0 0 0 5 30 50 80 130 210 400 38 65 103 170 280
HypBJetEta  N_{Events} #eta^{band#bar{b}} 1 1 0 0 0 0 0 0 6 -2.4 -1.5 -0.8 0.0 0.8 1.5 2.4 -1.93 -1.15 -0.45 0.47 1.15 1.93
