0.1000E+01     0.1608E+00
0.2000E+01     0.2410E+00
0.4000E+01     0.3343E+00
0.6000E+01     0.4009E+00
0.8000E+01     0.4658E+00
0.1000E+02     0.5262E+00
0.1200E+02     0.5796E+00
0.1400E+02     0.6395E+00
0.1600E+02     0.6979E+00
0.1800E+02     0.7606E+00
0.2000E+02     0.8231E+00
0.2200E+02     0.8854E+00
0.2400E+02     0.9450E+00
0.2600E+02     0.1005E+01
0.2800E+02     0.1061E+01
0.3000E+02     0.1116E+01
0.3200E+02     0.1171E+01
0.3400E+02     0.1219E+01
0.3600E+02     0.1271E+01
0.3800E+02     0.1317E+01
0.4000E+02     0.1358E+01
0.4400E+02     0.1438E+01
0.4800E+02     0.1503E+01
0.5200E+02     0.1570E+01
0.5600E+02     0.1615E+01
0.6000E+02     0.1649E+01
0.6400E+02     0.1677E+01
0.6800E+02     0.1687E+01
0.7200E+02     0.1695E+01
0.7600E+02     0.1689E+01
0.8000E+02     0.1681E+01
0.8400E+02     0.1662E+01
0.8800E+02     0.1640E+01
0.9200E+02     0.1607E+01
0.9600E+02     0.1569E+01
0.1000E+03     0.1524E+01
0.1040E+03     0.1473E+01
0.1080E+03     0.1428E+01
0.1120E+03     0.1378E+01
0.1160E+03     0.1325E+01
0.1200E+03     0.1274E+01
0.1240E+03     0.1218E+01
0.1280E+03     0.1168E+01
0.1320E+03     0.1113E+01
0.1360E+03     0.1063E+01
0.1400E+03     0.1008E+01
0.1440E+03     0.9597E+00
0.1480E+03     0.9073E+00
0.1520E+03     0.8602E+00
0.1560E+03     0.8124E+00
0.1600E+03     0.7725E+00
0.1640E+03     0.7277E+00
0.1680E+03     0.6893E+00
0.1720E+03     0.6492E+00
0.1760E+03     0.6098E+00
0.1800E+03     0.5756E+00
0.1840E+03     0.5416E+00
0.1880E+03     0.5113E+00
0.1920E+03     0.4796E+00
0.1960E+03     0.4516E+00
0.2000E+03     0.4259E+00
0.2200E+03     0.3118E+00
0.2400E+03     0.2304E+00
0.2600E+03     0.1712E+00
0.2800E+03     0.1269E+00
0.3000E+03     0.9498E-01
0.3200E+03     0.7165E-01
0.3400E+03     0.5479E-01
0.3600E+03     0.4181E-01
0.3800E+03     0.3241E-01
0.4000E+03     0.2520E-01
0.4200E+03     0.1969E-01
0.4400E+03     0.1550E-01
0.4600E+03     0.1223E-01
0.4800E+03     0.9750E-02
0.5000E+03     0.7774E-02
0.5200E+03     0.6222E-02
0.5400E+03     0.5027E-02
0.5600E+03     0.4059E-02
0.5800E+03     0.3297E-02
0.6000E+03     0.2680E-02
0.6200E+03     0.2185E-02
0.6400E+03     0.1788E-02
0.6600E+03     0.1466E-02
0.6800E+03     0.1206E-02
0.7000E+03     0.9953E-03
0.7200E+03     0.8210E-03
0.7400E+03     0.6799E-03
0.7600E+03     0.5639E-03
0.7800E+03     0.4673E-03
0.8000E+03     0.3887E-03
0.8200E+03     0.3241E-03
0.8400E+03     0.2701E-03
0.8600E+03     0.2256E-03
0.8800E+03     0.1890E-03
0.9000E+03     0.1583E-03
0.9200E+03     0.1323E-03
0.9400E+03     0.1109E-03
0.9600E+03     0.9308E-04
0.9800E+03     0.7821E-04
0.1000E+04     0.6569E-04
0.1020E+04     0.5536E-04
0.1040E+04     0.4658E-04
0.1060E+04     0.3921E-04
0.1080E+04     0.3311E-04
0.1100E+04     0.2794E-04
0.1120E+04     0.2353E-04
0.1140E+04     0.1988E-04
0.1160E+04     0.1678E-04
0.1180E+04     0.1421E-04
0.1200E+04     0.1199E-04
0.1220E+04     0.1015E-04
0.1240E+04     0.8553E-05
0.1260E+04     0.7248E-05
0.1280E+04     0.6121E-05
0.1300E+04     0.5179E-05
0.1320E+04     0.4374E-05
0.1340E+04     0.3701E-05
0.1360E+04     0.3133E-05
0.1380E+04     0.2654E-05
0.1400E+04     0.2249E-05
0.1420E+04     0.1896E-05
0.1440E+04     0.1603E-05
0.1460E+04     0.1358E-05
0.1480E+04     0.1146E-05
0.1500E+04     0.9707E-06
