0.1000E+01     0.8115E-01
0.2000E+01     0.1460E+00
0.4000E+01     0.2260E+00
0.6000E+01     0.3072E+00
0.8000E+01     0.3775E+00
0.1000E+02     0.4460E+00
0.1200E+02     0.5059E+00
0.1400E+02     0.5668E+00
0.1600E+02     0.6289E+00
0.1800E+02     0.6910E+00
0.2000E+02     0.7519E+00
0.2200E+02     0.8121E+00
0.2400E+02     0.8707E+00
0.2600E+02     0.9280E+00
0.2800E+02     0.9839E+00
0.3000E+02     0.1037E+01
0.3200E+02     0.1091E+01
0.3400E+02     0.1139E+01
0.3600E+02     0.1186E+01
0.3800E+02     0.1233E+01
0.4000E+02     0.1276E+01
0.4400E+02     0.1355E+01
0.4800E+02     0.1422E+01
0.5200E+02     0.1484E+01
0.5600E+02     0.1531E+01
0.6000E+02     0.1570E+01
0.6400E+02     0.1598E+01
0.6800E+02     0.1615E+01
0.7200E+02     0.1624E+01
0.7600E+02     0.1628E+01
0.8000E+02     0.1619E+01
0.8400E+02     0.1603E+01
0.8800E+02     0.1580E+01
0.9200E+02     0.1554E+01
0.9600E+02     0.1518E+01
0.1000E+03     0.1481E+01
0.1040E+03     0.1440E+01
0.1080E+03     0.1392E+01
0.1120E+03     0.1345E+01
0.1160E+03     0.1295E+01
0.1200E+03     0.1243E+01
0.1240E+03     0.1190E+01
0.1280E+03     0.1138E+01
0.1320E+03     0.1086E+01
0.1360E+03     0.1033E+01
0.1400E+03     0.9818E+00
0.1440E+03     0.9313E+00
0.1480E+03     0.8815E+00
0.1520E+03     0.8349E+00
0.1560E+03     0.7894E+00
0.1600E+03     0.7443E+00
0.1640E+03     0.7018E+00
0.1680E+03     0.6622E+00
0.1720E+03     0.6218E+00
0.1760E+03     0.5842E+00
0.1800E+03     0.5490E+00
0.1840E+03     0.5153E+00
0.1880E+03     0.4842E+00
0.1920E+03     0.4538E+00
0.1960E+03     0.4257E+00
0.2000E+03     0.3987E+00
0.2200E+03     0.2875E+00
0.2400E+03     0.2069E+00
0.2600E+03     0.1488E+00
0.2800E+03     0.1078E+00
0.3000E+03     0.7835E-01
0.3200E+03     0.5741E-01
0.3400E+03     0.4242E-01
0.3600E+03     0.3152E-01
0.3800E+03     0.2363E-01
0.4000E+03     0.1783E-01
0.4200E+03     0.1350E-01
0.4400E+03     0.1036E-01
0.4600E+03     0.7949E-02
0.4800E+03     0.6161E-02
0.5000E+03     0.4785E-02
0.5200E+03     0.3738E-02
0.5400E+03     0.2942E-02
0.5600E+03     0.2316E-02
0.5800E+03     0.1838E-02
0.6000E+03     0.1461E-02
0.6200E+03     0.1164E-02
0.6400E+03     0.9340E-03
0.6600E+03     0.7492E-03
0.6800E+03     0.6026E-03
0.7000E+03     0.4879E-03
0.7200E+03     0.3943E-03
0.7400E+03     0.3201E-03
0.7600E+03     0.2609E-03
0.7800E+03     0.2118E-03
0.8000E+03     0.1733E-03
0.8200E+03     0.1417E-03
0.8400E+03     0.1160E-03
0.8600E+03     0.9504E-04
0.8800E+03     0.7822E-04
0.9000E+03     0.6422E-04
0.9200E+03     0.5287E-04
0.9400E+03     0.4348E-04
0.9600E+03     0.3583E-04
0.9800E+03     0.2963E-04
0.1000E+04     0.2442E-04
0.1020E+04     0.2016E-04
0.1040E+04     0.1667E-04
0.1060E+04     0.1376E-04
0.1080E+04     0.1139E-04
0.1100E+04     0.9429E-05
0.1120E+04     0.7786E-05
0.1140E+04     0.6448E-05
0.1160E+04     0.5340E-05
0.1180E+04     0.4420E-05
0.1200E+04     0.3650E-05
0.1220E+04     0.3017E-05
0.1240E+04     0.2491E-05
0.1260E+04     0.2055E-05
0.1280E+04     0.1696E-05
0.1300E+04     0.1399E-05
0.1320E+04     0.1152E-05
0.1340E+04     0.9480E-06
0.1360E+04     0.7787E-06
0.1380E+04     0.6398E-06
0.1400E+04     0.5257E-06
0.1420E+04     0.4299E-06
0.1440E+04     0.3511E-06
0.1460E+04     0.2866E-06
0.1480E+04     0.2337E-06
0.1500E+04     0.1900E-06
