-.3800E+01     0.7670E-06
-.3700E+01     0.4628E-04
-.3600E+01     0.2007E-03
-.3500E+01     0.1502E-02
-.3400E+01     0.8904E-02
-.3300E+01     0.3493E-01
-.3200E+01     0.1021E+00
-.3100E+01     0.2439E+00
-.3000E+01     0.5035E+00
-.2900E+01     0.9293E+00
-.2800E+01     0.1568E+01
-.2700E+01     0.2467E+01
-.2600E+01     0.3670E+01
-.2500E+01     0.5182E+01
-.2400E+01     0.7034E+01
-.2300E+01     0.9241E+01
-.2200E+01     0.1178E+02
-.2100E+01     0.1467E+02
-.2000E+01     0.1772E+02
-.1900E+01     0.2111E+02
-.1800E+01     0.2478E+02
-.1700E+01     0.2862E+02
-.1600E+01     0.3268E+02
-.1500E+01     0.3687E+02
-.1400E+01     0.4102E+02
-.1300E+01     0.4523E+02
-.1200E+01     0.4933E+02
-.1100E+01     0.5355E+02
-.1000E+01     0.5751E+02
-.9000E+00     0.6148E+02
-.8000E+00     0.6536E+02
-.7000E+00     0.6881E+02
-.6000E+00     0.7219E+02
-.5000E+00     0.7497E+02
-.4000E+00     0.7711E+02
-.3000E+00     0.7910E+02
-.2000E+00     0.8064E+02
-.1000E+00     0.8178E+02
0.0000E+00     0.8197E+02
0.1000E+00     0.8169E+02
0.2000E+00     0.8085E+02
0.3000E+00     0.7920E+02
0.4000E+00     0.7731E+02
0.5000E+00     0.7495E+02
0.6000E+00     0.7209E+02
0.7000E+00     0.6903E+02
0.8000E+00     0.6542E+02
0.9000E+00     0.6166E+02
0.1000E+01     0.5763E+02
0.1100E+01     0.5359E+02
0.1200E+01     0.4946E+02
0.1300E+01     0.4520E+02
0.1400E+01     0.4103E+02
0.1500E+01     0.3679E+02
0.1600E+01     0.3259E+02
0.1700E+01     0.2860E+02
0.1800E+01     0.2471E+02
0.1900E+01     0.2110E+02
0.2000E+01     0.1771E+02
0.2100E+01     0.1464E+02
0.2200E+01     0.1175E+02
0.2300E+01     0.9177E+01
0.2400E+01     0.7000E+01
0.2500E+01     0.5137E+01
0.2600E+01     0.3638E+01
0.2700E+01     0.2444E+01
0.2800E+01     0.1553E+01
0.2900E+01     0.9197E+00
0.3000E+01     0.4987E+00
0.3100E+01     0.2421E+00
0.3200E+01     0.1012E+00
0.3300E+01     0.3477E-01
0.3400E+01     0.8872E-02
0.3500E+01     0.1502E-02
0.3600E+01     0.2005E-03
0.3700E+01     0.4631E-04
0.3800E+01     0.7665E-06
