-.3600E+01     0.1757E-03
-.3500E+01     0.1917E-02
-.3400E+01     0.1659E-01
-.3300E+01     0.6121E-01
-.3200E+01     0.1637E+00
-.3100E+01     0.3643E+00
-.3000E+01     0.7120E+00
-.2900E+01     0.1258E+01
-.2800E+01     0.2049E+01
-.2700E+01     0.3125E+01
-.2600E+01     0.4532E+01
-.2500E+01     0.6258E+01
-.2400E+01     0.8330E+01
-.2300E+01     0.1075E+02
-.2200E+01     0.1350E+02
-.2100E+01     0.1657E+02
-.2000E+01     0.1983E+02
-.1900E+01     0.2338E+02
-.1800E+01     0.2722E+02
-.1700E+01     0.3117E+02
-.1600E+01     0.3529E+02
-.1500E+01     0.3956E+02
-.1400E+01     0.4369E+02
-.1300E+01     0.4803E+02
-.1200E+01     0.5213E+02
-.1100E+01     0.5623E+02
-.1000E+01     0.6008E+02
-.9000E+00     0.6370E+02
-.8000E+00     0.6746E+02
-.7000E+00     0.7073E+02
-.6000E+00     0.7380E+02
-.5000E+00     0.7632E+02
-.4000E+00     0.7831E+02
-.3000E+00     0.8019E+02
-.2000E+00     0.8170E+02
-.1000E+00     0.8225E+02
0.0000E+00     0.8259E+02
0.1000E+00     0.8234E+02
0.2000E+00     0.8167E+02
0.3000E+00     0.8024E+02
0.4000E+00     0.7837E+02
0.5000E+00     0.7624E+02
0.6000E+00     0.7377E+02
0.7000E+00     0.7083E+02
0.8000E+00     0.6742E+02
0.9000E+00     0.6401E+02
0.1000E+01     0.5985E+02
0.1100E+01     0.5624E+02
0.1200E+01     0.5222E+02
0.1300E+01     0.4807E+02
0.1400E+01     0.4374E+02
0.1500E+01     0.3957E+02
0.1600E+01     0.3518E+02
0.1700E+01     0.3123E+02
0.1800E+01     0.2718E+02
0.1900E+01     0.2343E+02
0.2000E+01     0.1982E+02
0.2100E+01     0.1653E+02
0.2200E+01     0.1346E+02
0.2300E+01     0.1068E+02
0.2400E+01     0.8285E+01
0.2500E+01     0.6228E+01
0.2600E+01     0.4501E+01
0.2700E+01     0.3110E+01
0.2800E+01     0.2033E+01
0.2900E+01     0.1252E+01
0.3000E+01     0.7103E+00
0.3100E+01     0.3633E+00
0.3200E+01     0.1630E+00
0.3300E+01     0.6105E-01
0.3400E+01     0.1655E-01
0.3500E+01     0.1917E-02
0.3600E+01     0.1753E-03
