130 613.798 15.941 21.682 23.668 25.061 99999. 99999.
131 590.224 15.335 20.781 22.862 24.192 99999. 99999.
132 567.699 14.847 19.922 22.177 23.462 99999. 99999.
133 546.15 14.523 19.103 21.455 22.689 99999. 99999.
134 525.563 13.911 18.323 20.731 21.916 99999. 99999.
135 505.875 13.345 17.578 20.013 21.153 99999. 99999.
136 487.025 12.676 16.868 19.363 20.458 99999. 99999.
137 468.942 12.245 16.191 18.772 19.824 99999. 99999.
138 451.671 11.79 15.544 18.141 19.152 99999. 99999.
139 435.122 11.426 14.921 17.574 18.546 99999. 99999.
140 419.278 11.031 14.332 17.451 17.45 99999. 99999.
141 404.125 10.632 13.773 16.869 16.869 99999. 99999.
142 389.585 10.261 13.239 16.328 16.328 99999. 99999.
143 375.655 9.83 12.724 15.825 15.825 99999. 99999.
144 362.29 9.461 12.234 15.34 15.339 99999. 99999.
145 349.481 9.106 11.764 14.856 14.856 99999. 99999.
146 337.125 8.831 11.309 14.454 14.454 99999. 99999.
147 325.312 8.52 10.876 13.975 13.975 99999. 99999.
148 313.981 8.201 10.463 13.507 13.508 99999. 99999.
149 303.099 7.909 10.068 13.089 13.088 99999. 99999.
150 292.663 7.639 9.689 12.667 12.666 99999. 99999.
151 282.629 7.369 9.328 12.269 12.269 99999. 99999.
152 272.995 7.108 8.985 11.891 11.891 99999. 99999.
153 263.732 6.87 8.654 11.535 11.534 99999. 99999.
154 254.831 6.636 8.337 11.188 11.188 99999. 99999.
155 246.278 6.389 8.034 10.853 10.854 99999. 99999.
156 238.058 6.178 7.742 10.552 10.552 99999. 99999.
157 230.144 5.98 7.463 10.241 10.241 99999. 99999.
158 222.538 5.782 7.195 9.944 9.944 99999. 99999.
159 215.24 5.567 6.94 9.625 9.625 99999. 99999.
160 208.192 5.413 6.693 9.335 9.335 99999. 99999.
161 201.41 5.227 6.456 9.061 9.06 99999. 99999.
162 194.877 5.053 6.228 8.794 8.794 99999. 99999.
163 188.587 4.885 6.01 8.544 8.544 99999. 99999.
164 182.538 4.722 5.8 8.299 8.299 99999. 99999.
165 176.713 4.568 5.6 8.056 8.056 99999. 99999.
166 171.099 4.421 5.406 7.823 7.823 99999. 99999.
167 165.688 4.28 5.22 7.601 7.601 99999. 99999.
168 160.468 4.147 5.042 7.389 7.388 99999. 99999.
169 155.443 4.012 4.871 7.178 7.179 99999. 99999.
170 150.6 3.885 4.706 6.975 6.974 99999. 99999.
171 145.927 3.763 4.547 6.779 6.779 99999. 99999.
172 141.421 3.644 4.394 6.589 6.588 99999. 99999.
173 137.067 3.535 4.247 6.409 6.409 99999. 99999.
174 132.873 3.425 4.106 6.231 6.231 99999. 99999.
175 128.826 3.312 3.97 6.059 6.06 99999. 99999.
176 124.922 3.211 3.84 5.89 5.89 99999. 99999.
177 121.153 3.111 3.714 5.727 5.727 99999. 99999.
178 117.512 3.02 3.592 5.572 5.572 99999. 99999.
179 113.997 2.926 3.476 5.419 5.42 99999. 99999.
180 110.602 2.846 3.363 5.274 5.275 99999. 99999.
181 107.324 2.762 3.254 5.134 5.134 99999. 99999.
182 104.156 2.679 3.149 4.994 4.9947 99999. 99999.
183 101.092 2.6 3.0481 4.861 4.8613 99999. 99999.
184 98.1267 2.5253 2.9506 4.7363 4.7363 99999. 99999.
185 95.2668 2.437 2.8571 4.6101 4.61 99999. 99999.
186 92.5037 2.3664 2.7671 4.4838 4.4838 99999. 99999.
187 89.8344 2.2988 2.6805 4.3654 4.3655 99999. 99999.
188 87.2541 2.2296 2.597 4.2487 4.2487 99999. 99999.
189 84.7543 2.1734 2.5158 4.1384 4.1383 99999. 99999.
190 82.3352 2.1101 2.4377 4.0324 4.0325 99999. 99999.
191 79.9968 2.0494 2.3624 3.9273 3.9274 99999. 99999.
192 77.7341 1.9908 2.2897 3.8275 3.8275 99999. 99999.
193 75.5461 1.934 2.2195 3.7272 3.7272 99999. 99999.
194 73.4266 1.8796 2.1517 3.6315 3.6314 99999. 99999.
195 71.3753 1.8266 2.0863 3.5386 3.5385 99999. 99999.
196 69.3881 1.7749 2.023 3.4482 3.4482 99999. 99999.
197 67.4656 1.7255 1.9621 3.3608 3.3607 99999. 99999.
198 65.6065 1.6759 1.9034 3.2763 3.2764 99999. 99999.
199 63.803 1.6328 1.8465 3.1928 3.1929 99999. 99999.
200 62.0562 1.5875 1.7915 3.1124 3.1124 99999. 99999.
201 60.3636 1.5436 1.7383 3.0346 3.0346 99999. 99999.
202 58.7221 1.5 1.6868 2.9587 2.9586 99999. 99999.
203 57.1335 1.459 1.6371 2.8851 2.8851 99999. 99999.
204 55.593 1.4204 1.5889 2.8135 2.8134 99999. 99999.
205 54.1012 1.378 1.5425 2.7439 2.7439 99999. 99999.
206 52.6549 1.3411 1.4976 2.6763 2.6764 99999. 99999.
207 51.2524 1.3055 1.4542 2.6106 2.6106 99999. 99999.
208 49.8931 1.2736 1.4122 2.5466 2.5465 99999. 99999.
209 48.5744 1.2393 1.3715 2.4846 2.4846 99999. 99999.
210 47.2987 1.2106 1.3324 2.4244 2.4244 99999. 99999.
211 46.0579 1.1771 1.2943 2.3654 2.3655 99999. 99999.
212 44.8542 1.1455 1.2575 2.3083 2.3083 99999. 99999.
213 43.6862 1.1153 1.2217 2.2527 2.2526 99999. 99999.
214 42.5501 1.0825 1.187 2.1985 2.1986 99999. 99999.
215 41.4506 1.0545 1.1536 2.1459 2.1459 99999. 99999.
216 40.3844 1.0266 1.1212 2.0942 2.0941 99999. 99999.
217 39.3488 1.0017 1.0899 2.0449 2.0449 99999. 99999.
218 38.3432 0.976 1.0595 1.9965 1.9964 99999. 99999.
219 37.3673 0.9507 1.0304 1.9492 1.9493 99999. 99999.
220 36.4195 0.9268 1.002 1.9033 1.9034 99999. 99999.
