    0.114 0.115 0.116 0.117 0.118 0.119 0.12 0.121 0.122
130 615.757 631.854 648.274 664.81 681.51 698.733 715.622 733.849 750.131
131 592.829 608.393 624.27 640.258 656.409 673.056 689.424 707.032 722.774
132 570.898 585.937 601.294 616.755 632.368 648.471 664.319 681.35 696.581
133 549.908 564.464 579.301 594.263 609.371 624.953 640.267 656.77 671.497
134 529.809 543.886 558.246 572.703 587.334 602.408 617.227 633.21 647.471
135 510.554 524.169 538.071 552.066 566.22 580.801 595.16 610.621 624.443
136 492.104 505.274 518.73 532.274 545.961 560.096 573.999 588.974 602.366
137 474.441 487.196 500.207 513.325 526.578 540.241 553.706 568.207 581.191
138 457.515 469.862 482.461 495.161 507.997 521.231 534.264 548.321 560.878
139 441.29 453.24 465.45 477.734 490.178 502.99 515.615 529.236 541.39
140 425.723 437.3 449.126 461.027 473.078 485.483 497.727 510.919 522.701
141 410.804 422.004 433.463 444.993 456.658 468.681 480.546 493.334 504.752
142 396.476 407.337 418.423 429.599 440.905 452.562 464.054 476.448 487.519
143 382.726 393.25 404 414.823 425.781 437.074 448.215 460.241 470.97
144 369.522 379.716 390.145 400.628 411.26 422.2 433.004 444.665 455.072
145 356.835 366.727 376.832 387.004 397.308 407.911 418.398 429.699 439.793
146 344.662 354.249 364.041 373.905 383.895 394.177 404.348 415.313 425.103
147 332.967 342.255 351.757 361.319 371.004 380.981 390.846 401.49 410.984
148 321.733 330.736 339.949 349.218 358.623 368.295 377.862 388.196 397.409
149 310.937 319.669 328.608 337.599 346.72 356.092 365.387 375.405 384.355
150 300.587 309.033 317.705 326.423 335.272 344.371 353.39 363.113 371.797
151 290.609 298.823 307.211 315.678 324.268 333.094 341.848 351.289 359.717
152 281.016 288.983 297.126 305.346 313.679 322.258 330.746 339.918 348.098
153 271.785 279.522 287.437 295.387 303.49 311.814 320.059 328.967 336.912
154 262.897 270.414 278.096 285.826 293.681 301.764 309.786 318.423 326.143
155 254.356 261.649 269.105 276.611 284.227 292.091 299.878 308.273 315.774
156 246.13 253.212 260.458 267.736 275.133 282.761 290.337 298.492 305.78
157 238.209 245.081 252.126 259.194 266.377 273.782 281.145 289.081 296.153
158 230.585 237.257 244.102 250.976 257.954 265.125 272.288 280 286.876
159 223.238 229.719 236.373 243.05 249.831 256.793 263.741 271.249 277.936
160 216.164 222.459 228.928 235.415 242.011 248.769 255.516 262.814 269.314
161 209.35 215.465 221.732 228.055 234.466 241.051 247.587 254.683 261.003
162 202.783 208.723 214.815 220.961 227.193 233.593 239.944 246.832 252.989
163 196.456 202.229 208.149 214.1 220.182 226.408 232.575 239.278 245.261
164 190.352 195.963 201.719 207.503 213.416 219.469 225.494 231.977 237.804
165 184.465 189.92 195.516 201.142 206.869 212.773 218.634 224.947 230.615
166 178.79 184.093 189.533 195.003 200.571 206.307 212.015 218.158 223.671
167 173.316 178.472 183.761 189.076 194.493 200.073 205.627 211.628 216.969
168 168.034 173.048 178.193 183.361 188.628 194.04 199.46 205.303 210.499
169 162.939 167.813 172.818 177.847 182.969 188.234 193.507 199.193 204.254
170 158.02 162.762 167.63 172.52 177.504 182.625 187.756 193.29 198.22
171 153.27 157.882 162.619 167.375 172.227 177.221 182.204 187.589 192.39
172 148.687 153.173 157.781 162.41 167.131 171.988 176.839 182.081 186.759
173 144.259 148.625 153.11 157.618 162.215 166.934 171.657 176.762 181.318
174 139.985 144.232 148.598 152.98 157.459 162.053 166.651 171.613 176.061
175 135.857 139.99 144.239 148.506 152.872 157.338 161.816 166.649 170.98
176 131.868 135.893 140.029 144.186 148.427 152.78 157.141 161.85 166.067
177 128.015 131.931 135.958 140 144.134 148.374 152.622 157.214 161.319
178 124.291 128.103 132.024 135.96 139.985 144.114 148.253 152.727 156.728
179 120.693 124.406 128.224 132.056 135.973 139.997 144.03 148.39 152.288
180 117.215 120.83 124.549 128.281 132.097 136.016 139.946 144.194 147.996
181 113.871 117.392 121.015 124.652 128.373 132.186 136.018 140.16 143.868
182 110.637 114.069 117.597 121.141 124.764 128.482 132.217 136.255 139.871
183 107.506 110.848 114.288 117.741 121.272 124.897 128.539 132.476 136.003
184 104.477 107.734 111.085 114.449 117.891 121.424 124.975 128.813 132.255
185 101.545 104.718 107.985 111.264 114.619 118.061 121.524 125.268 128.625
186 98.7058 101.799 104.983 108.179 111.45 114.806 118.183 121.833 125.11
187 95.9571 98.9713 102.075 105.19 108.38 111.652 114.945 118.505 121.698
188 93.2965 96.2345 99.2605 102.297 105.406 108.596 111.808 115.281 118.396
189 90.7176 93.5826 96.5328 99.4928 102.525 105.636 108.769 112.157 115.196
190 88.2199 91.0116 93.8884 96.7743 99.7316 102.766 105.822 109.128 112.094
191 85.797 88.5184 91.3235 94.1376 97.0211 99.9788 102.962 106.187 109.081
192 83.45 86.1032 88.8381 91.5827 94.3952 97.2798 100.19 103.336 106.161
193 81.1751 83.7621 86.4296 89.1047 91.8504 94.6635 97.5019 100.572 103.329
194 78.9717 81.4939 84.0951 86.7039 89.3801 92.1255 94.8955 97.8912 100.582
195 76.8342 79.294 81.831 84.3753 86.9861 89.6624 92.3672 95.2904 97.9176
196 74.7624 77.1604 79.6341 82.1156 84.6634 87.2745 89.913 92.7675 95.3322
197 72.7516 75.0911 77.505 79.9249 82.4096 84.957 87.533 90.3182 92.8231
198 70.8027 73.0844 75.4392 77.8002 80.2241 82.7095 85.2233 87.9425 90.3869
199 68.912 71.1376 73.4348 75.7381 78.1041 80.5293 82.9829 85.6362 88.0221
200 67.0787 69.2497 71.4911 73.7381 76.0467 78.4128 80.8079 83.3981 85.7287
201 65.3001 67.4181 69.6048 71.797 74.05 76.3591 78.6973 81.2259 83.502
202 63.5758 65.642 67.7746 69.9144 72.1133 74.3667 76.6497 79.1188 81.3417
203 61.9048 63.921 66.0037 68.0907 70.237 72.4372 74.6666 77.078 79.2493
204 60.2875 62.2551 64.288 66.3254 68.4207 70.5679 72.746 75.1013 77.2239
205 58.7188 60.6392 62.6237 64.6124 66.6584 68.755 70.8817 73.1814 75.2551
206 57.1979 59.0716 61.0091 62.9511 64.949 66.9957 69.0729 71.3196 73.3448
207 55.7221 57.5519 59.4436 61.339 63.29 65.2885 67.3181 69.5127 71.4919
208 54.2915 56.0779 57.9241 59.7747 61.6802 63.632 65.6149 67.7594 69.6937
209 52.9027 54.6462 56.4501 58.2568 60.1185 62.0247 63.9623 66.0577 67.9487
210 51.5548 53.2579 55.0198 56.7845 58.6023 60.4643 62.3585 64.4066 66.2549
211 50.2487 51.9119 53.6328 55.3564 57.1326 58.9511 60.802 62.804 64.6109
212 48.9798 50.6042 52.2852 53.9688 55.7048 57.4821 59.2905 61.2466 63.0132
213 47.7487 49.3354 50.9777 52.6224 54.3181 56.0544 57.8225 59.7344 61.4619
214 46.5537 48.1035 49.7075 51.3143 52.9714 54.6682 56.3968 58.2661 59.9556
215 45.393 46.9071 48.4748 50.0444 51.6638 53.322 55.0119 56.8395 58.4919
216 44.2646 45.7439 47.2761 48.81 50.3927 52.0139 53.6662 55.4534 57.0697
217 43.1668 44.612 46.1092 47.6081 49.1552 50.7388 52.3554 54.1027 55.6835
218 42.1002 43.5123 44.9756 46.4403 47.9525 49.501 51.0804 52.7889 54.3359
219 41.0639 42.4438 43.8733 45.3053 46.7836 48.2967 49.8417 51.5123 53.0248
220 40.0572 41.4052 42.8024 44.2013 45.6464 47.1257 48.6368 50.2707 51.7505
