    0.103995 0.105005 0.106001 0.10699 0.108 0.108993 0.110012 0.110996 0.111986 0.112992 0.113987 0.114993 0.115983 0.116991 0.117988 0.118992 0.120004
130 455.623 466.554 477.806 489.443 501.753 514.37 527.727 541.166 555.163 569.825 584.827 600.448 616.355 632.966 649.946 667.49 685.645
131 440.712 451.322 462.251 473.562 485.535 497.815 510.821 523.917 537.564 551.865 566.507 581.759 597.298 613.529 630.129 647.285 665.043
132 423.679 433.876 444.383 455.26 466.775 478.588 491.101 503.703 516.837 530.602 544.697 559.381 574.343 589.973 605.96 622.484 639.591
133 405.994 415.816 425.936 436.413 447.503 458.881 470.931 483.068 495.719 508.976 522.55 536.692 551.104 566.157 581.556 597.473 613.951
134 392.295 401.797 411.596 421.748 432.5 443.54 455.238 467.03 479.327 492.22 505.429 519.196 533.233 547.902 562.913 578.435 594.51
135 376.689 385.825 395.247 405.008 415.346 425.96 437.206 448.543 460.366 472.76 485.459 498.693 512.189 526.29 540.721 555.644 571.097
136 362.634 371.443 380.533 389.954 399.934 410.187 421.052 432.01 443.441 455.428 467.713 480.519 493.581 507.231 521.205 535.656 550.625
137 348.716 357.224 366.003 375.103 384.744 394.648 405.143 415.729 426.773 438.353 450.22 462.592 475.212 488.399 501.899 515.861 530.321
138 336.001 344.217 352.697 361.489 370.804 380.376 390.52 400.755 411.433 422.631 434.109 446.076 458.286 471.045 484.111 497.624 511.622
139 323.03 330.95 339.127 347.607 356.593 365.829 375.619 385.499 395.809 406.623 417.709 429.268 441.064 453.392 466.018 479.077 492.606
140 310.623 318.233 326.095 334.251 342.895 351.784 361.209 370.723 380.654 391.072 401.755 412.897 424.27 436.158 448.335 460.933 473.985
141 299.724 307.095 314.71 322.612 330.986 339.6 348.732 357.952 367.578 377.677 388.033 398.835 409.863 421.39 433.199 445.418 458.079
142 288.992 296.117 303.483 311.131 319.241 327.587 336.438 345.381 354.721 364.523 374.58 385.073 395.791 406.997 418.482 430.368 442.688
143 278.376 285.245 292.348 299.724 307.547 315.598 324.138 332.768 341.782 351.242 360.948 371.076 381.422 392.239 403.326 414.8 426.694
144 268.505 275.143 282.01 289.143 296.709 304.498 312.762 321.114 329.841 339.002 348.403 358.214 368.239 378.721 389.469 400.594 412.127
145 259.023 265.449 272.097 279.002 286.325 293.865 301.863 309.948 318.396 327.262 336.361 345.857 355.561 365.707 376.11 386.878 398.04
146 249.274 255.459 261.862 268.517 275.579 282.855 290.576 298.386 306.549 315.12 323.921 333.108 342.501 352.324 362.399 372.831 383.649
147 240.384 246.38 252.588 259.042 265.89 272.947 280.435 288.011 295.931 304.247 312.787 321.702 330.818 340.351 350.131 360.259 370.76
148 232.46 238.245 244.237 250.467 257.081 263.898 271.134 278.458 286.115 294.157 302.417 311.042 319.863 329.09 338.557 348.361 358.529
149 223.936 229.536 235.338 241.374 247.781 254.388 261.401 268.501 275.926 283.725 291.738 300.106 308.666 317.622 326.813 336.333 346.208
150 216.364 221.776 227.385 233.222 239.42 245.813 252.6 259.474 266.664 274.216 281.977 290.082 298.375 307.05 315.954 325.177 334.743
151 208.388 213.606 219.015 224.645 230.624 236.791 243.34 249.974 256.914 264.204 271.697 279.523 287.532 295.912 304.513 313.424 322.669
152 201.416 206.483 211.738 217.208 223.018 229.013 235.379 241.829 248.578 255.669 262.959 270.574 278.37 286.527 294.902 303.58 312.585
153 194.311 199.204 204.28 209.564 215.177 220.97 227.123 233.358 239.882 246.738 253.786 261.15 268.689 276.577 284.678 293.072 301.781
154 187.728 192.46 197.369 202.483 207.916 213.524 219.482 225.522 231.843 238.487 245.319 252.457 259.767 267.417 275.275 283.418 291.869
155 181.415 185.994 190.745 195.694 200.952 206.381 212.147 217.993 224.112 230.542 237.155 244.065 251.141 258.546 266.152 274.034 282.214
156 175.646 180.09 184.704 189.513 194.624 199.905 205.516 211.209 217.168 223.434 229.881 236.618 243.521 250.746 258.169 265.864 273.851
157 169.611 173.908 178.369 183.02 187.964 193.071 198.499 204.007 209.774 215.837 222.076 228.597 235.279 242.274 249.461 256.913 264.649
158 164.186 168.355 172.685 177.201 182.002 186.965 192.239 197.594 203.201 209.098 215.167 221.513 228.016 234.825 241.823 249.08 256.614
159 158.027 162.04 166.21 170.559 175.184 179.965 185.048 190.209 195.614 201.3 207.152 213.272 219.545 226.114 232.866 239.869 247.141
160 153.319 157.22 161.276 165.507 170.009 174.665 179.615 184.643 189.911 195.453 201.16 207.128 213.247 219.656 226.245 233.079 240.177
161 147.943 151.711 155.63 159.718 164.068 168.566 173.349 178.208 183.298 188.653 194.168 199.935 205.849 212.042 218.411 225.017 231.877
162 143.183 146.839 150.64 154.609 158.832 163.2 167.846 172.568 177.516 182.723 188.086 193.697 199.451 205.479 211.679 218.111 224.792
163 138.388 141.926 145.607 149.45 153.541 157.775 162.278 166.856 171.655 176.705 181.908 187.351 192.935 198.785 204.803 211.047 217.534
164 133.72 137.151 140.721 144.448 148.415 152.519 156.885 161.323 165.975 170.87 175.913 181.189 186.602 192.272 198.105 204.157 210.445
165 129.2 132.513 135.962 139.564 143.399 147.368 151.591 155.885 160.387 165.124 170.007 175.115 180.358 185.85 191.5 197.364 203.456
166 125.599 128.824 132.182 135.69 139.426 143.294 147.409 151.596 155.986 160.607 165.371 170.356 175.473 180.833 186.35 192.076 198.025
167 121.445 124.569 127.823 131.223 134.844 138.593 142.583 146.643 150.9 155.382 160.003 164.839 169.803 175.005 180.36 185.917 191.693
168 117.743 120.779 123.942 127.249 130.772 134.421 138.306 142.261 146.409 150.777 155.282 159.997 164.84 169.915 175.141 180.565 186.204
169 113.871 116.809 119.871 123.072 126.481 130.013 133.773 137.6 141.614 145.841 150.2 154.763 159.449 164.36 169.416 174.664 180.12
170 110.221 113.067 116.034 119.137 122.445 125.873 129.522 133.24 137.14 141.248 145.486 149.924 154.483 159.262 164.183 169.293 174.606
171 106.951 109.721 112.609 115.63 118.85 122.188 125.742 129.362 133.161 137.162 141.291 145.614 150.056 154.712 159.508 164.489 169.667
172 103.403 106.082 108.876 111.799 114.915 118.145 121.586 125.091 128.77 132.646 136.647 140.836 145.141 149.654 154.304 159.133 164.155
173 100.417 103.019 105.734 108.577 111.608 114.752 118.102 121.516 125.101 128.878 132.778 136.863 141.062 145.465 150.003 154.716 159.618
174 97.1142 99.6386 102.273 105.032 107.973 111.025 114.277 117.592 121.073 124.742 128.53 132.498 136.578 140.856 145.266 149.847 154.612
175 94.2232 96.6715 99.2269 101.902 104.756 107.717 110.871 114.088 117.466 121.026 124.702 128.553 132.513 136.666 140.946 145.393 150.019
176 91.2586 93.6326 96.1111 98.7069 101.476 104.35 107.412 110.535 113.815 117.272 120.842 124.583 128.43 132.464 136.622 140.943 145.438
177 88.5088 90.8172 93.2276 95.7525 98.4459 101.242 104.221 107.26 110.451 113.816 117.291 120.932 124.677 128.604 132.653 136.861 141.238
178 85.78 88.0235 90.367 92.8224 95.4422 98.1623 101.061 104.02 107.127 110.404 113.788 117.336 120.985 124.813 128.76 132.862 137.131
179 83.2501 85.4259 87.6996 90.0829 92.6266 95.2686 98.0852 100.96 103.982 107.167 110.46 113.911 117.462 121.188 125.031 129.025 133.183
180 80.5519 82.6616 84.8663 87.1774 89.6441 92.2063 94.9378 97.7264 100.657 103.746 106.94 110.287 113.732 117.347 121.075 124.95 128.983
181 78.3504 80.4063 82.5558 84.8097 87.216 89.7164 92.3826 95.1055 97.9672 100.986 104.106 107.377 110.745 114.278 117.923 121.713 125.657
182 75.8798 77.8698 79.951 82.1338 84.4647 86.8872 89.4709 92.1101 94.8844 97.8108 100.837 104.01 107.276 110.704 114.242 117.92 121.749
183 73.5027 75.4301 77.4463 79.5615 81.8208 84.1695 86.6746 89.2344 91.9257 94.7649 97.7011 100.78 103.951 107.279 110.713 114.284 118.003
184 71.5688 73.4483 75.4151 77.4791 79.6843 81.9773 84.4237 86.9242 89.5536 92.3282 95.1981 98.2086 101.309 104.564 107.923 111.417 115.056
185 69.4477 71.2737 73.1848 75.191 77.3346 79.5642 81.9433 84.3756 86.9337 89.6334 92.4265 95.3568 98.3754 101.544 104.816 108.219 111.763
186 67.3721 69.1427 70.9964 72.9426 75.0226 77.1864 79.4956 81.857 84.3408 86.9624 89.6752 92.5214 95.4537 98.5323 101.711 105.018 108.462
187 65.4562 67.1784 68.982 70.8761 72.9008 75.0075 77.2562 79.5562 81.976 84.5304 87.1742 89.9484 92.8072 95.8089 98.9089 102.134 105.494
188 63.5108 65.1867 66.9417 68.785 70.7553 72.8056 74.9941 77.2327 79.5879 82.0742 84.6475 87.3479 90.1308 93.0528 96.0707 99.2107 102.482
189 61.5814 63.2081 64.9123 66.7028 68.6172 70.6101 72.7377 74.9149 77.206 79.6252 82.1297 84.7584 87.4681 90.3138 93.2536 96.3129 99.5004
190 59.8211 61.4023 63.0593 64.8004 66.6622 68.6006 70.6703 72.7885 75.0178 77.3719 79.8094 82.3679 85.0057 87.7761 90.6383 93.6173 96.7214
191 58.1613 59.6993 61.3115 63.0061 64.8186 66.7062 68.7219 70.7857 72.9581 75.2525 77.6288 80.1234 82.696 85.3982 88.1906 91.0972 94.1264
192 56.4674 57.9622 59.5293 61.1767 62.9389 64.7743 66.7345 68.7416 70.8545 73.0862 75.3978 77.8247 80.3276 82.9568 85.674 88.5025 91.4505
193 54.975 56.4297 57.9552 59.5593 61.2754 63.0632 64.9728 66.9286 68.9877 71.163 73.4164 75.7826 78.2232 80.7872 83.4374 86.1965 89.0724
194 53.2602 54.6717 56.1525 57.7102 59.3773 61.1146 62.9708 64.8725 66.8753 68.9914 71.1842 73.4871 75.8631 78.3596 80.9407 83.6282 86.4299
195 51.9737 53.3508 54.7956 56.3155 57.9423 59.6378 61.4495 63.3058 65.261 67.327 69.4681 71.7169 74.0374 76.4758 78.997 81.6225 84.3597
196 50.3463 51.6843 53.0884 54.5659 56.1475 57.7963 59.5581 61.3639 63.2659 65.276 67.3595 69.5479 71.8065 74.1799 76.6342 79.1903 81.8554
197 48.9695 50.2674 51.63 53.0643 54.6 56.2013 57.913 59.6677 61.5164 63.4704 65.4963 67.6247 69.8216 72.1307 74.519 77.0066 79.6008
198 47.5812 48.8458 50.1737 51.5717 53.0687 54.63 56.299 58.0104 59.8137 61.7199 63.6965 65.7733 67.9173 70.1709 72.502 74.9304 77.463
199 46.2599 47.4904 48.7828 50.1437 51.6014 53.122 54.7477 56.4152 58.1725 60.0304 61.9573 63.9821 66.073 68.2709 70.545 72.9142 75.3855
200 44.9824 46.1788 47.4357 48.7595 50.1776 51.6571 53.2392 54.8621 56.5726 58.3813 60.2573 62.229 64.2652 66.4059 68.6209 70.9289 73.3366
201 43.6858 44.8515 46.0765 47.3669 48.7494 50.1922 51.7351 53.3183 54.9871 56.7519 58.5827 60.5069 62.4945 64.5843 66.7469 69.0004 71.3515
202 42.5701 43.706 44.9 46.1581 47.5063 48.9135 50.4186 51.9634 53.592 55.3145 57.1018 58.9807 60.9217 62.9627 65.0753 67.277 69.5743
203 41.328 42.4315 43.5917 44.8144 46.1248 47.4929 48.9563 50.4585 52.0425 53.7179 55.4567 57.2847 59.1734 61.1597 63.216 65.3592 67.5957
204 40.2522 41.3268 42.4569 43.6482 44.9253 46.2588 47.6856 49.1506 50.6956 52.3301 54.0267 55.8106 57.6542 59.5932 61.6008 63.6936 65.8778
205 39.1661 40.2112 41.3102 42.4689 43.7111 45.0083 46.3963 47.8216 49.3248 50.9153 52.5663 54.3025 56.0969 57.9843 59.9387 61.9761 64.1027
206 38.0964 39.1144 40.1853 41.3146 42.5257 43.7907 45.1445 46.5352 48.0021 49.5544 51.1661 52.8612 54.6134 56.4567 58.3656 60.356 62.4335
207 37.1443 38.1377 39.1833 40.2863 41.4693 42.7055 44.0289 45.3886 46.8233 48.3419 49.919 51.578 53.2934 55.0983 56.968 58.9179 60.9536
208 36.1573 37.1229 38.1392 39.2115 40.3618 41.5638 42.8506 44.1729 45.5683 47.0453 48.5794 50.1933 51.8623 53.6185 55.4378 57.3354 59.3166
209 35.1134 36.0541 37.0446 38.0897 39.211 40.3829 41.6377 42.9274 44.2884 45.7292 47.2259 48.8005 50.4291 52.1428 53.9183 55.7702 57.7039
210 34.2594 35.1767 36.1426 37.1621 38.2561 39.3998 40.6245 41.8836 43.2126 44.6196 46.0815 47.6198 49.211 50.8856 52.621 54.4313 56.3218
211 33.3037 34.1952 35.1344 36.126 37.1905 38.3037 39.4961 40.7224 42.0171 43.3881 44.813 46.3127 47.8643 49.4977 51.1906 52.957 54.8019
212 32.4459 33.3154 34.2314 35.1986 36.2368 37.3225 38.4854 39.6814 40.9441 42.2812 43.671 45.1336 46.6471 48.2401 49.8914 51.6144 53.414
213 31.5539 32.4001 33.2919 34.2338 35.2451 36.303 37.4364 38.6025 39.8338 41.138 42.4937 43.9209 45.3979 46.9529 48.5649 50.2471 52.0045
214 30.7722 31.5964 32.4653 33.3832 34.3689 35.4002 36.5053 37.6425 38.8435 40.1157 41.4385 42.8311 44.2726 45.7904 47.3641 49.0066 50.7226
215 30.0027 30.8077 31.6563 32.5529 33.5158 34.5234 35.603 36.7141 37.8877 39.1309 40.4237 41.7847 43.1937 44.6773 46.2157 47.8214 49.4991
216 29.1641 29.9461 30.7708 31.6425 32.5788 33.5589 34.6094 35.6908 36.8332 38.0437 39.3026 40.6284 42.0011 43.4467 44.9461 46.5113 48.147
217 28.3486 29.1098 29.9126 30.7611 31.6725 32.6265 33.6489 34.7015 35.8134 36.9917 38.2171 39.5076 40.8439 42.2512 43.7108 45.2346 46.827
218 27.6768 28.4195 29.2032 30.0319 30.9224 31.8548 32.8546 33.8842 34.9723 36.1255 37.3255 38.5894 39.8986 41.2776 42.7085 44.2025 45.7642
219 26.975 27.7003 28.4656 29.2749 30.1445 31.0552 32.0315 33.0372 34.0999 35.2262 36.3982 37.6327 38.9114 40.2584 41.656 43.1153 44.6408
220 26.2457 26.951 27.6953 28.4825 29.3285 30.2145 31.1645 32.1431 33.1774 34.2736 35.4144 36.6162 37.8611 39.1725 40.5334 41.9544 43.4399
