130 609.752 15.579 23.21 13.5433 13.5433 99999. 99999.
131 586.655 15.038 22.093 13.1047 13.1047 99999. 99999.
132 564.582 14.608 21.089 12.6904 12.6904 99999. 99999.
133 543.77 14.151 20.612 12.2894 12.2894 99999. 99999.
134 523.609 13.407 19.669 11.9032 11.9032 99999. 99999.
135 504.352 13.001 19.024 11.5304 11.5304 99999. 99999.
136 485.868 12.602 18.352 11.1717 11.1717 99999. 99999.
137 468.16 12.236 17.378 10.8269 10.8269 99999. 99999.
138 451.301 11.603 16.828 10.4942 10.4942 99999. 99999.
139 435.043 11.312 16.08 10.173 10.173 99999. 99999.
140 419.637 10.753 15.661 9.86494 9.86494 99999. 99999.
141 404.645 10.402 14.941 9.5705 9.5705 99999. 99999.
142 390.275 10.123 14.292 9.28083 9.28083 99999. 99999.
143 376.703 9.825 14.005 9.00213 9.00213 99999. 99999.
144 363.512 9.328 13.391 8.73588 8.73588 99999. 99999.
145 350.883 9.058 12.983 8.48134 8.48134 99999. 99999.
146 338.728 8.8 12.552 8.22937 8.22937 99999. 99999.
147 327.052 8.557 11.908 7.99198 7.99198 99999. 99999.
148 315.915 8.129 11.557 7.75592 7.75592 99999. 99999.
149 305.141 7.944 11.062 7.53323 7.53323 99999. 99999.
150 294.917 7.564 10.8 7.31661 7.31661 99999. 99999.
151 284.936 7.33 10.323 7.10671 7.10671 99999. 99999.
152 275.345 7.146 9.892 6.90352 6.90352 99999. 99999.
153 266.274 6.947 9.715 6.70671 6.70671 99999. 99999.
154 257.433 6.607 9.307 6.51876 6.51876 99999. 99999.
155 248.949 6.426 9.042 6.3365 6.3365 99999. 99999.
156 240.764 6.255 8.756 6.15725 6.15725 99999. 99999.
157 232.893 6.089 8.323 5.98765 5.98765 99999. 99999.
158 225.369 5.796 8.092 5.82227 5.82227 99999. 99999.
159 218.075 5.673 7.761 5.66111 5.66111 99999. 99999.
160 211.141 5.413 7.591 5.50642 5.50642 99999. 99999.
161 204.352 5.254 7.268 5.35502 5.35502 99999. 99999.
162 197.816 5.129 6.976 5.21176 5.21176 99999. 99999.
163 191.627 4.993 6.866 5.06962 5.06962 99999. 99999.
164 185.578 4.757 6.589 4.93391 4.93391 99999. 99999.
165 179.762 4.631 6.412 4.80248 4.80248 99999. 99999.
166 174.139 4.516 6.22 4.67421 4.67421 99999. 99999.
167 168.717 4.403 5.921 4.54965 4.54965 99999. 99999.
168 163.525 4.197 5.766 4.4297 4.4297 99999. 99999.
169 158.48 4.115 5.538 4.31392 4.31392 99999. 99999.
170 153.68 3.93 5.428 4.19996 4.19996 99999. 99999.
171 148.966 3.822 5.204 4.09011 4.09011 99999. 99999.
172 144.42 3.735 5.002 3.98329 3.98329 99999. 99999.
173 140.11 3.641 4.931 3.88252 3.88252 99999. 99999.
174 135.888 3.475 4.739 3.78082 3.78082 99999. 99999.
175 131.823 3.387 4.621 3.68343 3.68343 99999. 99999.
176 127.885 3.308 4.489 3.58941 3.58941 99999. 99999.
177 124.08 3.228 4.278 3.49805 3.49805 99999. 99999.
178 120.432 3.082 4.173 3.40887 3.40887 99999. 99999.
179 116.88 3.026 4.012 3.32425 3.32425 99999. 99999.
180 113.497 2.894 3.939 3.23949 3.23949 99999. 99999.
181 110.168 2.817 3.782 3.15809 3.15809 99999. 99999.
182 106.95 2.757 3.639 3.08013 3.08013 99999. 99999.
183 103.898 2.691 3.595 3.0024 3.0024 99999. 99999.
184 100.901 2.572 3.4581 2.92902 2.92902 99999. 99999.
185 98.0112 2.5088 3.3769 2.8563 2.8563 99999. 99999.
186 95.2065 2.4541 3.2843 2.78573 2.78573 99999. 99999.
187 92.4934 2.397 3.1342 2.71753 2.71753 99999. 99999.
188 89.8918 2.2907 3.0615 2.65129 2.65129 99999. 99999.
189 87.353 2.2529 2.9471 2.58772 2.58772 99999. 99999.
190 84.9332 2.1573 2.8979 2.52505 2.52505 99999. 99999.
191 82.5462 2.102 2.7853 2.46352 2.46352 99999. 99999.
192 80.2359 2.0603 2.6835 2.40481 2.40481 99999. 99999.
193 78.043 2.0127 2.6547 2.34665 2.34665 99999. 99999.
194 75.8856 1.9254 2.5572 2.29054 2.29054 99999. 99999.
195 73.802 1.8801 2.5004 2.23712 2.23712 99999. 99999.
196 71.7766 1.842 2.4346 2.18383 2.18383 99999. 99999.
197 69.8147 1.801 2.3261 2.13225 2.13225 99999. 99999.
198 67.9292 1.7232 2.2746 2.08164 2.08164 99999. 99999.
199 66.086 1.6965 2.1919 2.03302 2.03302 99999. 99999.
200 64.3284 1.6261 2.1585 1.98584 1.98584 99999. 99999.
201 62.5906 1.5861 2.0767 1.93928 1.93928 99999. 99999.
202 60.9065 1.5564 2.0028 1.89465 1.89465 99999. 99999.
203 59.3069 1.5221 1.9841 1.85126 1.85126 99999. 99999.
204 57.7304 1.4574 1.9132 1.80838 1.80838 99999. 99999.
205 56.2059 1.4242 1.8731 1.76674 1.76674 99999. 99999.
206 54.7219 1.397 1.8256 1.72661 1.72661 99999. 99999.
207 53.2826 1.3675 1.7459 1.68667 1.68667 99999. 99999.
208 51.898 1.3094 1.7092 1.64867 1.64867 99999. 99999.
209 50.5422 1.2909 1.6484 1.61083 1.61083 99999. 99999.
210 49.249 1.2381 1.6257 1.57447 1.57447 99999. 99999.
211 47.9674 1.209 1.5654 1.53907 1.53907 99999. 99999.
212 46.7238 1.1877 1.5107 1.50479 1.50479 99999. 99999.
213 45.5424 1.1625 1.4988 1.47097 1.47097 99999. 99999.
214 44.3759 1.1142 1.4466 1.43816 1.43816 99999. 99999.
215 43.2467 1.0895 1.418 1.40632 1.40632 99999. 99999.
216 42.1459 1.0701 1.3833 1.37505 1.37505 99999. 99999.
217 41.0771 1.0482 1.324 1.34458 1.34458 99999. 99999.
218 40.0482 1.0044 1.2977 1.31526 1.31526 99999. 99999.
219 39.039 0.9913 1.2526 1.2862 1.2862 99999. 99999.
220 38.0692 0.97 1.2344 1.25816 1.25816 99999. 99999.
220 38.0692 0.97 1.2344 1.25816 1.25816 99999. 99999.