    0.107 0.108 0.109 0.11 0.111 0.112 0.113 0.114 0.115 0.116 0.117 0.118 0.119 0.12 0.121 0.122 0.123 0.124 0.125 0.126 0.127
130 552.52 566.077 579.742 593.527 607.446 621.575 635.585 649.696 663.949 678.393 692.994 707.89 723.471 739.623 756.056 772.47 788.968 805.555 821.693 838.934 855.75
131 535.198 548.367 561.646 575.046 588.58 602.32 615.946 629.673 643.543 657.604 671.826 686.347 701.549 717.323 733.375 749.402 765.509 781.698 797.439 814.265 830.67
132 515.5 528.189 540.986 553.905 566.957 580.204 593.343 606.583 619.963 633.531 647.263 661.296 676.005 691.291 706.852 722.381 737.983 753.652 768.872 785.178 801.023
133 494.662 506.827 519.095 531.48 543.993 556.689 569.281 581.968 594.788 607.787 620.937 634.368 648.44 663.06 677.942 692.796 707.721 722.718 737.283 752.873 768.056
134 478.774 490.57 502.469 514.487 526.632 538.956 551.179 563.495 575.944 588.568 601.347 614.409 628.103 642.338 656.831 671.295 685.825 700.423 714.595 729.775 744.543
135 460.478 471.816 483.256 494.813 506.495 518.344 530.099 541.946 553.926 566.077 578.383 590.972 604.189 617.956 631.984 645.977 660.034 674.145 687.826 702.526 716.778
136 443.917 454.861 465.905 477.064 488.344 499.785 511.136 522.575 534.142 545.873 557.755 569.913 582.676 595.968 609.508 623.013 636.579 650.198 663.4 677.579 691.334
137 427.973 438.519 449.16 459.91 470.777 481.798 492.729 503.743 514.878 526.171 537.606 549.3 561.572 574.352 587.375 600.37 613.428 626.544 639.258 652.908 666.169
138 412.82 423.003 433.28 443.666 454.166 464.813 475.375 486.018 496.779 507.693 518.747 530.054 541.925 554.294 566.896 579.47 592.101 604.787 617.079 630.286 643.102
139 397.546 407.352 417.248 427.251 437.366 447.62 457.794 468.047 478.418 488.938 499.597 510.504 521.965 533.919 546.106 558.261 570.47 582.726 594.593 607.357 619.734
140 382.607 392.043 401.567 411.195 420.933 430.803 440.595 450.462 460.443 470.567 480.827 491.33 502.368 513.886 525.625 537.331 549.089 560.889 572.309 584.602 596.508
141 370.033 379.166 388.387 397.709 407.138 416.695 426.175 435.729 445.393 455.194 465.127 475.295 485.978 497.124 508.482 519.81 531.186 542.607 553.661 565.552 577.084
142 357.446 366.278 375.196 384.216 393.344 402.594 411.773 421.025 430.389 439.891 449.529 459.407 469.803 480.673 491.763 502.819 513.921 525.059 535.824 547.436 558.663
143 344.816 353.335 361.937 370.639 379.446 388.37 397.226 406.155 415.193 424.366 433.675 443.221 453.277 463.806 474.552 485.262 496.015 506.796 517.207 528.458 539.313
144 333.198 341.429 349.744 358.158 366.674 375.302 383.865 392.498 401.239 410.109 419.113 428.348 438.08 448.271 458.673 469.037 479.441 489.872 499.94 510.823 521.322
145 321.987 329.944 337.981 346.115 354.348 362.687 370.964 379.31 387.758 396.333 405.035 413.959 423.363 433.214 443.269 453.289 463.351 473.439 483.175 493.703 503.86
146 310.348 318.014 325.758 333.595 341.53 349.567 357.542 365.583 373.723 381.983 390.37 398.976 408.045 417.551 427.256 436.928 446.638 456.373 465.764 475.923 485.72
147 299.908 307.328 314.823 322.411 330.093 337.872 345.591 353.373 361.25 369.242 377.354 385.674 394.433 403.607 412.969 422.3 431.67 441.072 450.144 459.942 469.416
148 290.123 297.298 304.549 311.891 319.328 326.859 334.335 341.876 349.516 357.274 365.159 373.261 381.819 390.813 400.002 409.151 418.332 427.525 436.379 445.987 455.218
149 280.08 287.011 294.016 301.109 308.293 315.567 322.786 330.066 337.438 344.922 352.525 360.333 368.569 377.218 386.054 394.857 403.695 412.554 421.088 430.337 439.245
150 270.92 277.625 284.402 291.264 298.216 305.255 312.24 319.284 326.419 333.661 341.021 348.582 356.561 364.942 373.505 382.034 390.595 399.174 407.435 416.393 425.014
151 261.379 267.84 274.371 280.988 287.691 294.477 301.213 308.007 314.892 321.883 328.992 336.301 344.025 352.154 360.465 368.738 377.042 385.356 393.352 402.043 410.387
152 253.196 259.463 265.798 272.217 278.723 285.307 291.844 298.437 305.119 311.905 318.807 325.904 333.406 341.308 349.392 357.442 365.522 373.614 381.393 389.856 397.979
153 244.575 250.628 256.748 262.949 269.234 275.594 281.907 288.276 294.73 301.283 307.95 314.805 322.052 329.684 337.489 345.26 353.059 360.868 368.375 376.539 384.378
154 236.677 242.529 248.446 254.443 260.521 266.67 272.774 278.931 285.17 291.505 297.95 304.578 311.583 318.965 326.515 334.033 341.577 349.132 356.39 364.288 371.869
155 229.002 234.671 240.406 246.218 252.112 258.074 263.994 269.968 276.025 282.176 288.438 294.886 301.71 308.911 316.278 323.608 330.964 338.323 345.388 353.092 360.465
156 222.172 227.672 233.234 238.872 244.588 250.371 256.111 261.901 267.769 273.728 279.793 286.035 292.636 299.598 306.723 313.815 320.933 328.06 334.902 342.353 349.5
157 214.836 220.157 225.54 230.998 236.534 242.133 247.692 253.302 258.99 264.767 270.651 276.713 283.131 289.91 296.85 303.757 310.686 317.618 324.269 331.526 338.469
158 208.366 213.53 218.756 224.057 229.433 234.871 240.27 245.717 251.242 256.853 262.568 268.457 274.689 281.272 288.007 294.708 301.432 308.16 314.614 321.653 328.393
159 200.805 205.779 210.811 215.915 221.093 226.329 231.528 236.774 242.095 247.5 253.008 258.687 264.704 271.07 277.59 284.079 290.588 297.099 303.336 310.157 316.671
160 195.001 199.837 204.732 209.697 214.734 219.828 224.885 229.989 235.165 240.422 245.781 251.306 257.158 263.348 269.687 275.993 282.321 288.65 294.715 301.344 307.678
161 188.56 193.232 197.961 202.759 207.627 212.549 217.436 222.367 227.37 232.451 237.631 242.974 248.636 254.629 260.767 266.874 273 279.126 284.993 291.41 297.538
162 182.844 187.374 191.961 196.616 201.34 206.116 210.859 215.646 220.504 225.44 230.474 235.67 241.182 247.024 253.011 258.966 264.939 270.91 276.624 282.883 288.851
163 176.874 181.255 185.69 190.193 194.762 199.382 203.969 208.599 213.297 218.07 222.94 227.967 233.3 238.957 244.756 250.525 256.313 262.099 267.632 273.699 279.48
164 171.25 175.495 179.793 184.156 188.586 193.062 197.507 201.995 206.549 211.176 215.896 220.767 225.935 231.417 237.036 242.625 248.231 253.836 259.197 265.073 270.675
165 165.663 169.762 173.914 178.128 182.406 186.729 191.022 195.356 199.754 204.223 208.782 213.489 218.486 223.79 229.23 234.64 240.066 245.49 250.672 256.359 261.777
166 161.339 165.336 169.386 173.499 177.676 181.895 186.088 190.32 194.617 198.984 203.443 208.05 212.944 218.142 223.471 228.769 234.08 239.386 244.454 250.02 255.313
167 156.173 160.043 163.962 167.942 171.984 176.068 180.124 184.219 188.375 192.6 196.913 201.369 206.103 211.135 216.296 221.428 226.575 231.717 236.626 242.02 247.152
168 151.602 155.361 159.17 163.039 166.969 170.94 174.883 178.865 182.907 187.015 191.211 195.547 200.153 205.049 210.073 215.067 220.076 225.082 229.86 235.111 240.105
169 146.838 150.476 154.163 157.909 161.716 165.56 169.379 173.237 177.156 181.141 185.213 189.426 193.911 198.689 203.594 208.468 213.354 218.231 222.879 228.001 232.859
170 142.268 145.795 149.37 153.002 156.692 160.419 164.122 167.861 171.659 175.521 179.468 183.552 187.898 192.529 197.285 202.011 206.751 211.482 215.992 220.962 225.675
171 138.315 141.744 145.22 148.754 152.344 155.97 159.572 163.209 166.904 170.66 174.498 178.469 182.692 187.189 191.805 196.392 200.992 205.585 209.965 214.787 219.366
172 133.832 137.147 140.508 143.924 147.396 150.901 154.383 157.899 161.471 165.103 168.816 172.658 176.747 181.106 185.584 190.033 194.495 198.951 203.194 207.872 212.311
173 130.252 133.48 136.753 140.081 143.464 146.88 150.274 153.702 157.185 160.727 164.35 168.103 172.102 176.368 180.753 185.108 189.475 193.833 197.98 202.559 206.894
174 126.192 129.32 132.491 135.715 138.993 142.302 145.59 148.91 152.283 155.712 159.22 162.851 166.717 170.84 175.074 179.281 183.499 187.711 191.72 196.141 200.335
175 122.528 125.562 128.64 131.771 134.955 138.169 141.363 144.589 147.87 151.206 154.622 158.163 161.939 165.976 170.125 174.245 178.375 182.494 186.409 190.741 194.833
176 118.876 121.821 124.808 127.847 130.938 134.056 137.156 140.287 143.47 146.706 150.019 153.452 157.112 161.022 165.04 169.029 173.028 177.017 180.811 185.003 188.969
177 115.433 118.293 121.194 124.145 127.146 130.174 133.184 136.225 139.316 142.46 145.678 149.015 152.573 156.379 160.292 164.179 168.074 171.96 175.652 179.736 183.598
178 112.002 114.776 117.591 120.454 123.367 126.305 129.225 132.174 135.172 138.221 141.342 144.575 148.023 151.708 155.496 159.26 163.032 166.797 170.375 174.33 178.075
179 108.882 111.58 114.319 117.107 119.944 122.805 125.65 128.524 131.448 134.422 137.47 140.632 144.008 147.623 151.342 155.033 158.732 162.421 165.923 169.804 173.465
180 105.502 108.115 110.765 113.464 116.21 118.979 121.732 124.514 127.344 130.223 133.174 136.235 139.506 143.013 146.623 150.206 153.798 157.379 160.775 164.543 168.097
181 102.722 105.267 107.85 110.48 113.156 115.854 118.537 121.247 124.003 126.806 129.679 132.658 135.839 139.245 142.75 146.231 149.72 153.2 156.503 160.162 163.62
182 99.6798 102.148 104.653 107.204 109.801 112.419 115.023 117.653 120.329 123.053 125.845 128.744 131.843 135.169 138.594 141.993 145.4 148.796 152.015 155.588 158.956
183 96.6882 99.08 101.508 103.981 106.497 109.035 111.557 114.106 116.699 119.337 122.041 124.849 127.851 131.069 134.383 137.671 140.966 144.252 147.365 150.821 154.079
184 94.1905 96.5241 98.8932 101.307 103.765 106.242 108.706 111.195 113.728 116.306 118.95 121.697 124.634 127.787 131.035 134.258 137.488 140.707 143.757 147.145 150.336
185 91.5649 93.8314 96.1329 98.4793 100.868 103.276 105.671 108.092 110.557 113.066 115.641 118.318 121.184 124.266 127.441 130.589 133.744 136.887 139.861 143.171 146.282
186 88.9138 91.1151 93.3506 95.6302 97.9516 100.291 102.618 104.971 107.366 109.805 112.308 114.913 117.704 120.705 123.798 126.866 129.938 132.999 135.893 139.118 142.144
187 86.5152 88.6565 90.8312 93.049 95.3075 97.5831 99.847 102.135 104.465 106.837 109.273 111.807 114.522 117.445 120.458 123.446 126.44 129.422 132.241 135.383 138.331
188 84.0539 86.1347 88.2479 90.4034 92.5987 94.8103 97.0106 99.2347 101.499 103.805 106.172 108.634 111.272 114.111 117.037 119.939 122.847 125.743 128.482 131.532 134.398
189 81.6561 83.6769 85.7295 87.8236 89.9566 92.1052 94.2426 96.403 98.6023 100.842 103.141 105.533 108.095 110.853 113.697 116.517 119.343 122.159 124.82 127.784 130.571
190 79.3948 81.359 83.3544 85.3909 87.4654 89.5547 91.6338 93.7356 95.876 98.056 100.295 102.626 105.125 107.817 110.594 113.347 116.105 118.852 121.446 124.339 127.055
191 77.3021 79.2124 81.1533 83.1346 85.1533 87.1862 89.2095 91.2553 93.3394 95.4628 97.6448 99.9173 102.356 104.987 107.701 110.39 113.083 115.765 118.295 121.12 123.769
192 75.133 76.9898 78.8768 80.8039 82.7678 84.7449 86.7132 88.7038 90.7322 92.7994 94.9245 97.1394 99.5194 102.089 104.743 107.373 110.006 112.626 115.096 117.86 120.445
193 73.2211 75.0299 76.8684 78.7462 80.6602 82.5869 84.5053 86.4454 88.4229 90.4383 92.5111 94.6726 96.9967 99.5081 102.102 104.672 107.245 109.804 112.216 114.917 117.44
194 71.0514 72.8061 74.5894 76.4111 78.2678 80.1367 81.997 83.878 85.7945 87.7475 89.7556 91.8488 94.0979 96.527 99.0362 101.523 104.013 106.492 108.828 111.442 113.887
195 69.3746 71.0884 72.8305 74.6108 76.4256 78.2521 80.0708 81.9102 83.7853 85.6967 87.6633 89.7149 91.922 94.3086 96.7744 99.2163 101.661 104.093 106.383 108.948 111.345
196 67.3432 69.0066 70.6971 72.4245 74.1852 75.9569 77.7204 79.5033 81.3197 83.1703 85.0731 87.0559 89.1855 91.4848 93.8596 96.2131 98.5705 100.918 103.13 105.603 107.921
197 65.5193 67.1372 68.7823 70.4642 72.1793 73.9049 75.6236 77.3622 79.1351 80.9429 82.8043 84.7483 86.8426 89.1112 91.4569 93.7791 96.1041 98.4152 100.588 103.029 105.303
198 63.7929 65.3666 66.9665 68.6023 70.2702 71.9481 73.6188 75.3085 77.031 78.787 80.5943 82.4802 84.5099 86.7065 88.9777 91.227 93.4794 95.7205 97.8285 100.192 102.4
199 62.0713 63.603 65.1606 66.7538 68.3788 70.0132 71.6413 73.2883 74.968 76.681 78.445 80.2871 82.2719 84.4222 86.646 88.8474 91.0515 93.2434 95.3035 97.6168 99.7737
200 60.4409 61.9318 63.4482 64.9995 66.5818 68.1731 69.7583 71.3618 72.9973 74.6651 76.3831 78.1779 80.1125 82.2101 84.3804 86.5288 88.6798 90.8184 92.8271 95.085 97.1881
201 58.785 60.2346 61.7087 63.2169 64.7551 66.3018 67.8421 69.4 70.9883 72.6078 74.2752 76.0158 77.8903 79.9214 82.0231 84.1048 86.1898 88.2647 90.2139 92.4025 94.4457
202 57.346 58.7603 60.199 61.6715 63.1738 64.6843 66.1891 67.7115 69.2645 70.8486 72.4809 74.1867 76.0263 78.0225 80.0891 82.1349 84.1836 86.2207 88.1328 90.2841 92.2871
203 55.7455 57.1197 58.5177 59.9489 61.4091 62.8768 64.339 65.8182 67.3268 68.8653 70.4506 72.1068 73.8923 75.8289 77.8334 79.8177 81.8047 83.781 85.636 87.7213 89.665
204 54.3557 55.6949 57.0574 58.4527 59.8765 61.3075 62.7335 64.1762 65.6484 67.1504 68.699 70.3182 72.0662 73.9652 75.9323 77.879 79.828 81.7655 83.5821 85.6284 87.5315
205 52.9359 54.2404 55.5679 56.9278 58.3158 59.7104 61.1006 62.5073 63.9431 65.4081 66.9189 68.4996 70.207 72.0627 73.9848 75.8863 77.7897 79.6812 81.4539 83.4526 85.3088
206 51.5397 52.8094 54.1015 55.4249 56.7756 58.1327 59.4851 60.8532 62.249 63.6728 65.1407 66.6755 68.3315 70.1293 71.9906 73.8324 75.6759 77.5092 79.228 81.1619 82.9633
207 50.3317 51.5711 52.8325 54.1254 55.4452 56.7712 58.093 59.4306 60.7961 62.1896 63.6273 65.1318 66.7576 68.5257 70.3578 72.1701 73.9843 75.7873 77.4761 79.3807 81.15
208 49.0182 50.225 51.4535 52.713 53.9992 55.291 56.5792 57.8832 59.215 60.5747 61.9785 63.4494 65.0416 66.7765 68.5756 70.3542 72.1343 73.9015 75.5547 77.4239 79.1546
209 47.7108 48.8841 50.0781 51.302 52.5514 53.8061 55.0566 56.3216 57.6123 58.9291 60.2872 61.7075 63.2408 64.9072 66.6338 68.3424 70.0527 71.7541 73.3472 75.1411 76.8124
210 46.5636 47.7091 48.8752 50.071 51.2923 52.5186 53.7416 54.9794 56.2437 57.5345 58.8675 60.2641 61.7762 63.4249 65.1356 66.8272 68.5202 70.2016 71.7734 73.5508 75.1978
211 45.3119 46.4264 47.5613 48.7256 49.9147 51.1088 52.2997 53.5051 54.7364 55.9937 57.2925 58.654 60.1285 61.7364 63.4047 65.054 66.7048 68.3441 69.8762 71.6096 73.2145
212 44.1943 45.2797 46.385 47.519 48.6773 49.84 50.9997 52.1736 53.3728 54.5976 55.8628 57.189 58.6262 60.1947 61.823 63.4326 65.0433 66.6428 68.1364 69.8273 71.3929
213 43.0465 44.1035 45.1798 46.2843 47.4125 48.5448 49.6742 50.817 51.9843 53.176 54.4069 55.6967 57.0931 58.6157 60.1956 61.7577 63.3212 64.8746 66.3257 67.9666 69.4883
214 42.0149 43.0464 44.097 45.1755 46.2775 47.3834 48.4867 49.6034 50.7446 51.91 53.1147 54.3782 55.7481 57.2436 58.7962 60.3305 61.8656 63.3898 64.8124 66.4238 67.9144
215 40.9946 42.0019 43.0281 44.0816 45.158 46.2382 47.3159 48.4068 49.5217 50.6604 51.8375 53.0723 54.4113 55.8736 57.3919 58.8924 60.3939 61.8846 63.2756 64.8522 66.3098
216 39.9191 40.898 41.8951 42.9192 43.9656 45.0154 46.0629 47.1231 48.2068 49.3136 50.4582 51.6591 52.9621 54.3863 55.8658 57.3278 58.7906 60.2428 61.5968 63.1321 64.5515
217 38.8314 39.7837 40.754 41.7505 42.7691 43.7908 44.8105 45.8428 46.8982 47.9765 49.0918 50.2626 51.5339 52.9246 54.37 55.798 57.2268 58.6448 59.9662 61.4665 62.8517
218 37.961 38.892 39.8407 40.8153 41.8117 42.811 43.8084 44.8181 45.8505 46.9054 47.9968 49.1429 50.3874 51.7489 53.1636 54.561 55.9589 57.3464 58.6392 60.1063 61.4614
219 37.0346 37.9417 38.8661 39.8161 40.7872 41.761 42.733 43.7171 44.7232 45.7512 46.8146 47.9309 49.143 50.4689 51.8467 53.2079 54.5697 55.9217 57.1811 58.6105 59.9312
220 36.0656 36.9483 37.8479 38.7724 39.7175 40.6651 41.611 42.5685 43.5476 44.548 45.5832 46.6702 47.8511 49.1437 50.4876 51.8149 53.1429 54.4609 55.688 57.0819 58.3688
