    0.1100 0.1110 0.1120 0.1130 0.1140 0.1150 0.1160 0.1170 0.1180 0.1190 0.1200 0.1210 0.1220 0.1230 0.1240 0.1250 0.1260 0.1270 0.1280 0.1290 0.1300 
130 620.049 635.241 650.859 666.286 681.317 696.335 713.770 731.199 745.489 760.501 779.878 798.487 818.797 835.407 856.710 876.812 893.391 904.463 919.537 934.942 950.234 
131 600.766 615.202 627.946 641.325 655.220 671.860 685.289 700.517 718.324 733.706 751.098 768.763 787.140 804.348 824.660 844.673 861.425 873.209 885.031 900.895 917.180 
132 578.449 590.834 603.408 617.639 629.443 644.429 659.645 675.785 692.222 706.119 722.809 739.452 758.160 776.380 795.828 811.251 832.230 839.617 852.488 866.866 883.503 
133 555.159 569.211 582.815 593.803 609.437 620.724 634.859 650.475 667.237 682.801 697.366 714.554 731.296 746.110 768.400 784.302 799.121 808.216 824.225 838.757 850.667 
134 537.293 548.512 560.438 573.026 585.573 600.159 612.986 627.701 642.004 657.473 670.596 686.305 704.752 719.700 738.122 754.840 769.826 780.268 793.680 807.493 822.850 
135 516.496 527.239 538.883 551.144 563.750 576.923 591.527 604.535 619.405 632.417 648.816 664.548 677.762 691.863 710.989 729.179 741.751 751.937 764.216 777.210 792.340 
136 498.076 509.597 520.338 533.087 543.016 555.401 568.781 583.368 597.544 609.065 623.412 638.893 654.281 667.754 684.406 700.418 717.126 724.255 737.443 751.702 761.930 
137 479.845 490.444 501.635 512.755 523.886 535.466 548.890 561.450 576.213 589.011 601.560 615.357 630.290 644.010 661.726 675.650 689.878 700.313 711.313 721.833 736.273 
138 462.936 473.649 482.298 493.256 506.108 517.821 529.500 541.998 554.015 567.297 580.009 594.026 607.990 623.676 638.770 651.577 665.883 674.894 684.490 699.605 710.799 
139 445.678 455.967 465.283 476.362 487.623 497.438 511.481 522.884 534.888 546.219 560.090 572.668 586.842 599.190 613.303 630.064 641.710 652.184 661.822 675.435 685.328 
140 429.003 440.963 449.464 459.971 470.516 480.881 492.207 504.271 514.736 525.946 539.313 553.963 565.903 577.656 593.643 606.730 619.418 628.991 638.992 649.520 661.449 
141 414.784 424.372 433.330 444.562 452.453 465.124 473.931 485.479 497.441 509.196 521.803 533.073 546.040 557.645 572.884 587.280 597.557 607.202 618.132 627.937 639.521 
142 400.708 409.260 417.409 426.619 437.267 447.776 459.972 469.387 480.869 491.298 502.320 514.293 526.839 538.696 552.795 566.151 577.236 586.668 595.795 606.469 617.114 
143 386.395 395.482 404.564 412.955 422.755 431.831 442.511 453.649 464.594 473.904 484.354 495.761 509.913 522.711 532.912 546.707 557.525 564.579 576.088 585.568 594.077 
144 373.306 381.257 390.891 397.888 407.495 416.876 425.716 437.055 447.445 458.410 470.561 479.804 491.153 502.331 516.519 527.608 537.731 546.828 556.035 565.377 576.822 
145 360.639 368.261 375.368 384.682 393.751 402.953 411.858 421.880 432.405 441.448 453.120 463.172 475.823 485.747 496.814 509.342 521.099 528.178 535.896 545.841 556.351 
146 347.541 356.085 363.714 371.775 380.559 388.930 397.488 407.825 417.035 426.584 436.546 448.444 458.234 468.757 480.800 493.544 502.848 509.674 518.693 526.218 539.971 
147 335.884 343.373 351.059 358.676 367.926 375.167 384.980 392.976 403.052 412.219 422.462 432.602 443.089 453.485 465.113 475.658 486.708 492.523 501.076 510.111 520.239 
148 324.903 331.996 339.603 346.544 354.330 363.406 371.287 380.906 389.568 398.135 408.216 416.703 428.264 437.655 449.015 460.450 468.571 476.061 484.576 493.022 502.879 
149 313.571 320.557 327.768 335.188 342.972 350.036 358.917 367.414 376.757 385.417 394.099 403.254 412.937 423.481 433.667 444.434 453.566 460.502 468.462 477.057 485.113 
150 303.291 310.019 317.125 323.662 330.271 339.521 347.376 354.458 364.389 372.325 380.880 390.730 400.035 410.035 420.506 429.555 439.131 445.386 452.646 461.772 470.156 
151 292.415 299.656 305.985 313.119 320.024 327.762 335.667 344.173 351.210 360.831 368.295 377.376 387.666 395.161 406.673 415.023 425.038 429.863 439.231 447.229 454.036 
152 283.314 289.803 296.066 302.175 309.232 317.177 324.327 332.081 340.039 347.817 355.699 364.847 373.893 383.371 393.119 402.688 410.382 417.111 425.259 431.585 439.825 
153 273.571 280.015 286.895 292.704 299.344 306.714 313.431 321.838 329.434 336.191 344.487 352.314 361.488 370.265 380.594 388.950 396.933 403.109 410.442 417.315 425.162 
154 264.688 271.052 277.169 282.841 289.723 296.799 302.405 311.325 318.280 326.055 332.336 342.105 349.972 359.303 368.565 375.569 384.702 389.697 395.876 403.599 412.471 
155 256.059 262.108 267.487 273.219 279.976 286.900 293.491 301.050 307.803 315.714 322.285 330.506 338.923 346.879 355.372 364.208 371.428 377.654 385.051 391.094 398.453 
156 248.345 253.394 259.061 264.691 271.286 277.066 284.264 291.119 298.164 305.284 311.843 320.120 327.325 335.076 344.640 353.608 358.655 364.904 371.519 379.152 386.298 
157 240.112 245.091 250.686 255.368 262.632 268.641 275.156 281.809 289.158 295.437 301.361 309.220 317.306 324.601 333.470 341.148 347.974 353.326 360.596 367.379 373.750 
158 232.837 237.453 242.722 247.699 253.781 259.895 266.441 273.504 279.132 285.430 292.194 299.268 307.670 314.271 323.413 330.847 337.199 343.150 348.694 355.683 361.917 
159 224.396 229.439 234.972 240.523 245.757 250.945 258.113 264.296 269.661 275.864 282.401 289.645 297.376 304.076 312.006 319.747 327.086 332.659 336.771 344.359 350.497 
160 217.884 222.986 227.780 232.365 238.378 244.173 249.943 255.665 261.405 266.795 273.429 280.130 288.263 295.291 302.881 310.134 316.710 320.945 326.380 333.171 340.229 
161 210.588 215.392 220.435 225.170 230.077 235.600 241.588 247.452 253.662 259.333 265.561 271.462 278.910 286.046 293.192 300.397 307.064 311.927 316.535 322.801 328.822 
162 204.161 208.640 212.951 218.442 223.180 228.652 233.345 239.552 245.446 251.071 257.157 263.872 270.254 276.673 283.673 291.180 297.408 301.617 307.440 313.135 319.468 
163 197.465 202.405 206.533 211.079 215.997 221.142 226.594 231.926 237.615 243.532 249.015 255.361 261.680 267.580 275.514 281.778 288.004 292.527 297.749 303.115 309.095 
164 191.180 195.565 200.400 204.848 209.082 214.629 219.291 224.060 230.251 235.492 241.829 247.054 253.324 259.723 266.733 272.308 279.174 283.270 288.779 293.961 300.727 
165 184.848 189.807 193.693 198.497 202.781 207.764 212.913 217.715 222.690 228.296 234.172 239.864 246.084 251.301 258.727 265.119 270.703 274.825 279.510 285.154 290.376 
166 179.999 183.513 187.828 192.075 196.702 201.161 206.253 211.260 216.306 220.768 226.560 231.394 237.913 244.232 250.889 256.791 262.495 266.208 270.871 275.980 281.898 
167 174.243 178.213 181.889 185.741 190.347 195.286 200.329 204.867 209.174 214.629 219.869 224.652 231.409 236.347 243.307 249.024 254.093 257.302 263.038 267.618 274.091 
168 169.155 173.032 176.237 180.549 184.544 189.280 193.789 198.723 202.776 208.097 212.723 218.505 223.929 228.929 235.269 241.701 246.236 250.512 254.573 259.701 265.521 
169 163.757 167.850 170.906 175.142 179.294 183.620 187.475 192.104 197.179 201.489 206.323 210.972 217.354 222.171 228.577 234.360 239.103 242.979 247.248 252.136 256.908 
170 158.659 162.416 165.984 169.639 173.953 177.963 182.248 186.252 191.256 195.141 200.571 205.222 210.801 215.529 222.137 227.423 232.064 235.830 240.145 245.323 249.729 
171 154.185 157.349 160.634 164.439 168.844 171.949 176.845 181.130 185.289 189.663 194.130 199.663 204.217 209.238 214.951 220.144 224.844 228.265 232.448 237.628 241.734 
172 149.168 152.551 156.344 159.508 163.449 167.320 171.358 176.025 179.845 184.326 188.584 193.166 198.779 202.941 208.777 214.043 219.332 222.045 226.638 230.627 235.354 
173 145.150 148.470 151.481 155.180 158.869 162.691 166.378 170.125 174.513 178.760 182.794 186.967 192.388 196.915 202.197 207.518 212.034 215.129 219.771 224.432 228.015 
174 140.598 143.850 146.999 150.545 153.540 157.738 161.500 165.289 169.263 173.428 177.472 182.094 186.539 191.494 196.453 201.048 205.762 208.924 213.239 217.353 221.806 
175 136.503 139.270 142.684 145.985 149.105 152.918 156.569 160.587 164.733 168.213 172.282 175.983 181.453 185.932 190.917 195.188 199.494 202.803 206.743 210.970 215.327 
176 132.368 135.324 138.239 141.494 144.957 148.441 151.949 155.964 159.444 163.222 167.462 171.572 176.026 180.385 185.171 190.045 193.656 196.927 200.389 205.089 209.126 
177 128.529 131.610 134.355 137.056 140.817 144.239 147.309 151.309 154.860 158.331 162.473 166.190 170.698 175.010 179.632 184.765 188.265 191.627 194.804 198.940 203.129 
178 124.678 127.505 130.432 133.442 136.765 139.702 143.553 147.035 150.287 153.817 157.990 161.338 165.980 170.559 174.205 179.366 182.868 186.569 189.678 193.108 197.534 
179 121.200 123.644 126.342 129.592 132.369 136.183 138.970 142.826 145.756 149.317 153.201 156.949 161.170 164.824 169.230 173.981 177.613 180.215 184.501 187.875 191.526 
180 117.419 120.213 122.858 125.600 128.662 131.763 135.027 138.400 141.923 144.915 149.069 152.438 156.411 160.257 164.487 169.050 172.685 174.684 178.881 182.368 186.057 
181 114.306 116.864 119.167 121.882 125.017 127.752 130.930 134.240 137.684 141.247 144.504 148.298 151.792 155.449 160.052 163.760 167.535 170.735 174.114 177.119 180.761 
182 110.882 113.555 116.025 118.658 121.485 123.967 127.040 130.334 133.917 137.138 140.579 143.690 147.747 151.177 155.224 159.347 162.644 165.764 169.133 172.261 176.513 
183 107.486 110.270 112.556 115.021 117.994 120.753 123.965 126.683 130.047 133.131 136.322 139.646 143.381 146.884 151.231 154.623 158.075 160.883 164.208 167.430 170.945 
184 104.790 107.066 109.484 111.997 114.430 117.305 120.016 123.306 126.341 129.321 132.258 135.664 139.616 142.947 146.634 150.227 153.944 156.341 159.533 162.680 166.187 
185 101.823 104.293 106.262 108.702 111.153 114.100 116.857 119.334 122.507 125.434 128.525 132.134 135.601 138.345 142.814 146.085 149.667 152.120 155.153 158.547 161.344 
186 98.833 100.899 103.233 105.531 108.259 110.757 113.430 116.372 119.280 121.830 125.196 128.179 131.726 135.013 138.757 142.027 145.485 147.581 150.609 154.096 157.234 
187 96.150 98.361 100.353 102.556 105.293 107.566 110.000 112.862 116.015 118.299 121.220 124.882 128.217 130.981 134.686 138.286 141.366 143.971 146.530 149.466 152.807 
188 93.381 95.620 97.551 99.902 102.242 104.696 107.248 109.900 112.507 115.691 118.048 121.051 124.628 127.671 131.012 134.309 137.592 139.614 142.362 145.502 148.689 
189 90.704 92.821 94.638 97.113 99.528 101.929 104.524 106.674 109.659 112.122 115.086 117.909 121.048 123.976 127.439 130.881 133.685 135.863 138.863 141.508 144.144 
190 88.179 90.467 92.275 94.483 96.638 98.921 101.479 103.746 106.399 108.964 111.878 114.531 117.761 120.510 123.765 127.130 129.785 131.931 134.883 137.654 140.926 
191 85.815 88.059 89.893 91.717 93.769 95.914 98.495 100.944 103.407 105.951 108.368 111.403 114.284 117.196 120.683 123.688 126.715 128.471 131.190 133.949 136.450 
192 83.406 85.471 87.064 89.403 91.256 93.460 95.701 98.351 100.711 103.051 105.525 108.353 111.317 113.823 117.255 120.279 123.274 125.162 127.529 130.223 132.941 
193 81.242 82.918 84.911 86.766 89.079 90.822 93.462 95.690 97.933 100.441 102.826 105.502 108.308 111.048 114.232 116.896 119.740 121.771 124.214 126.778 129.754 
194 78.821 80.525 82.425 84.485 86.456 88.476 90.702 93.046 95.566 97.438 100.045 102.776 105.143 107.848 111.255 113.615 116.661 118.256 121.004 123.451 125.971 
195 76.938 78.511 80.244 81.966 83.963 86.270 88.090 90.591 92.745 95.112 97.285 99.412 102.719 104.786 108.234 110.859 113.412 115.161 117.756 120.147 122.873 
196 74.656 76.379 78.174 79.925 81.787 83.936 86.166 87.804 90.436 92.475 94.802 96.848 99.368 102.130 105.106 107.654 110.537 112.471 114.461 117.080 119.667 
197 72.659 74.350 76.133 77.715 79.648 81.609 83.525 85.665 87.819 89.816 92.277 94.660 97.029 99.519 102.184 104.981 107.308 109.404 111.289 113.831 116.414 
198 70.686 72.312 73.798 75.688 77.330 79.371 81.182 83.179 85.529 87.686 89.678 91.937 94.365 96.605 99.353 101.957 104.682 106.330 108.622 110.761 113.313 
199 68.803 70.427 71.916 73.660 75.402 77.076 79.324 81.130 83.159 85.199 86.994 89.540 91.844 94.198 96.969 99.322 101.757 103.517 105.940 108.033 110.233 
200 66.978 68.599 70.105 71.621 73.500 75.228 77.048 79.116 80.745 83.041 84.943 87.098 89.579 91.523 94.263 96.930 99.203 100.957 102.857 105.438 107.396 
201 65.115 66.677 68.306 69.826 71.305 73.099 75.146 76.606 78.858 80.619 82.798 84.934 87.189 89.094 92.049 94.344 96.371 98.347 100.012 102.451 104.643 
202 63.500 64.996 66.526 67.883 69.540 71.190 72.996 74.768 76.527 78.704 80.596 82.671 84.972 87.065 89.518 92.015 93.731 95.895 97.568 99.817 101.806 
203 61.733 63.362 64.630 66.155 67.774 69.392 71.196 72.806 74.670 76.662 78.387 80.640 82.772 84.818 87.175 89.323 91.610 93.259 95.067 97.347 99.269 
204 60.161 61.512 62.982 64.351 65.972 67.623 69.068 70.909 72.727 74.466 76.294 78.287 80.384 82.495 84.890 87.097 89.053 90.781 92.814 94.668 97.086 
205 58.582 59.891 61.278 62.812 64.237 65.791 67.497 69.011 70.804 72.879 74.498 76.301 78.413 80.181 82.929 84.985 86.913 88.390 90.307 92.234 94.372 
206 57.018 58.389 59.728 61.123 62.662 63.953 65.620 67.197 69.058 70.614 72.163 74.312 76.438 78.274 80.554 82.684 84.731 85.953 87.865 89.957 91.991 
207 55.687 56.847 58.171 59.545 60.898 62.400 63.985 65.709 67.213 68.953 70.374 72.464 74.292 76.598 78.344 80.523 82.550 83.958 85.460 87.480 89.630 
208 54.239 55.557 56.637 57.832 59.406 60.681 62.300 63.794 65.612 67.280 68.908 70.581 72.513 74.256 76.594 78.449 80.303 81.603 83.559 85.255 87.324 
209 52.719 53.947 55.150 56.451 57.903 59.210 60.735 62.376 63.823 65.401 67.073 68.622 70.794 72.466 74.517 76.433 78.407 79.590 81.511 83.035 85.135 
210 51.469 52.511 53.718 54.921 56.462 57.670 59.258 60.606 62.073 63.529 65.311 67.120 68.618 70.790 72.869 74.589 76.544 77.793 79.489 81.071 82.946 
211 50.097 51.194 52.417 53.747 54.786 56.265 57.602 59.036 60.593 61.975 63.627 65.226 67.152 68.857 70.929 72.839 74.331 75.689 77.489 79.123 81.087 
212 48.828 50.012 51.109 52.145 53.427 54.897 56.302 57.508 59.001 60.530 62.079 63.634 65.311 66.968 68.938 70.885 72.725 73.952 75.400 77.309 78.835 
213 47.535 48.722 49.765 50.926 52.100 53.407 54.675 56.159 57.670 58.944 60.587 62.153 63.805 65.312 67.269 69.147 70.683 71.828 73.659 75.306 76.932 
214 46.401 47.398 48.474 49.647 50.836 51.999 53.469 54.678 56.050 57.665 58.833 60.382 62.007 63.886 65.892 67.460 68.909 70.186 71.853 73.349 75.032 
215 45.271 46.313 47.210 48.495 49.568 50.757 52.014 53.315 54.784 56.002 57.418 59.041 60.576 62.370 64.002 65.772 67.242 68.490 69.960 71.548 73.308 
216 44.059 45.185 46.164 47.156 48.340 49.416 50.736 52.019 53.340 54.589 55.992 57.587 59.042 60.545 62.308 64.182 65.755 66.886 68.407 69.807 71.257 
217 42.836 43.967 44.862 46.045 47.212 48.275 49.425 50.736 52.088 53.257 54.537 55.856 57.668 59.159 60.861 62.596 63.943 65.327 66.666 68.216 69.753 
218 41.880 42.877 43.759 44.868 46.022 47.058 48.331 49.567 50.659 51.982 53.318 54.593 56.212 57.620 59.443 60.987 62.402 63.545 65.063 66.380 68.018 
219 40.844 41.845 42.733 43.758 44.744 45.873 47.117 48.173 49.380 50.765 51.968 53.272 54.928 56.174 57.992 59.455 61.092 62.225 63.406 64.738 66.462 
220 39.750 40.862 41.654 42.650 43.721 44.848 45.959 46.958 48.195 49.504 50.731 52.069 53.334 54.779 56.530 57.992 59.346 60.630 61.736 63.219 64.671 
