    0.1100 0.1110 0.1120 0.1130 0.1140 0.1150 0.1160 0.1170 0.1180 0.1190 0.1200 0.1210 0.1220 0.1230 0.1240 0.1250 0.1260 0.1270 0.1280 0.1290 0.1300 
130 498.358 509.881 521.916 533.331 544.436 555.663 568.880 581.944 591.865 602.905 617.785 631.515 647.170 659.191 675.518 690.291 702.183 710.354 721.193 733.208 743.538 
131 483.057 494.044 503.162 513.028 523.646 535.550 545.760 557.107 570.902 581.826 595.043 607.923 621.655 634.701 649.702 665.144 677.886 686.027 694.443 705.672 717.809 
132 465.036 474.391 483.437 494.404 502.827 513.908 525.191 537.656 549.979 559.894 572.856 584.778 598.964 612.468 627.351 638.161 654.750 659.172 668.360 679.194 691.607 
133 446.164 456.677 467.277 475.014 487.075 494.985 505.476 517.215 530.041 541.622 552.205 565.220 577.857 588.496 605.606 617.294 627.870 634.479 646.841 657.747 665.472 
134 431.827 440.166 448.982 458.417 467.444 478.722 488.262 498.958 509.988 521.372 531.182 543.021 557.253 567.745 581.754 593.822 605.161 612.577 622.468 632.571 643.877 
135 414.990 423.169 431.551 440.800 450.528 460.242 471.168 480.956 492.219 501.448 514.148 525.925 535.220 545.771 560.281 573.989 583.033 590.396 599.091 608.925 620.358 
136 400.349 408.900 416.822 426.907 433.725 442.736 452.913 463.644 474.673 483.144 493.780 505.446 516.369 526.868 539.188 551.497 563.759 568.362 578.201 589.136 596.164 
137 385.527 393.593 401.766 410.044 418.267 426.996 437.178 446.794 457.572 467.230 476.259 486.469 497.406 507.990 521.173 531.834 542.413 549.790 557.681 564.936 576.394 
138 371.959 379.807 386.256 394.531 404.229 412.738 421.478 431.227 439.837 449.899 459.187 469.533 480.148 492.506 503.405 512.823 523.193 529.700 536.454 548.014 555.996 
139 358.020 365.887 372.439 380.962 389.360 396.681 407.396 415.666 424.758 432.937 443.398 453.058 463.350 472.614 483.045 495.500 504.027 511.902 519.017 529.089 536.713 
140 344.601 353.722 360.100 367.597 375.623 383.445 391.895 401.023 408.636 417.329 427.000 438.034 446.682 455.561 467.668 477.391 487.082 493.770 500.965 508.657 517.522 
141 333.186 340.495 347.047 355.491 361.011 370.832 377.224 385.956 394.697 403.601 413.191 421.525 431.098 439.778 451.405 461.707 469.537 476.525 484.794 491.795 500.457 
142 321.837 328.179 334.232 341.069 348.950 356.965 366.300 373.246 381.722 389.411 397.879 406.426 415.850 424.681 435.680 445.378 453.723 460.625 467.291 474.783 482.521 
143 310.289 317.093 324.047 329.926 337.409 344.367 352.413 360.516 368.738 375.553 383.277 391.984 402.490 412.135 419.341 429.996 437.938 442.956 451.507 458.665 464.471 
144 299.873 305.560 313.133 317.915 325.241 332.242 338.666 347.417 355.035 363.327 372.524 379.021 387.825 396.061 406.949 415.125 422.245 429.234 435.923 442.869 451.267 
145 289.594 295.025 300.359 307.339 314.253 321.092 327.827 335.326 343.236 349.684 358.839 365.859 375.867 382.917 390.949 400.532 409.689 414.657 420.159 427.374 435.286 
146 278.990 285.509 291.042 297.153 303.690 309.991 316.233 324.227 330.784 338.028 345.496 354.394 361.510 369.733 378.711 388.324 394.889 399.936 406.497 412.030 422.477 
147 269.678 275.291 281.035 286.635 293.555 298.934 306.348 312.179 319.700 326.505 334.572 341.933 349.795 357.184 366.369 373.921 382.409 386.292 392.753 399.377 406.883 
148 260.827 266.139 271.849 276.994 282.773 289.726 295.369 302.670 308.916 315.353 323.041 329.084 337.845 344.812 353.614 361.954 367.982 373.611 379.768 386.176 393.369 
149 251.787 256.942 262.371 267.899 273.591 278.659 285.420 291.887 298.942 305.431 311.759 318.395 325.647 333.564 341.171 349.546 356.121 361.175 367.116 373.510 379.424 
150 243.640 248.515 253.583 258.598 263.449 270.513 276.369 281.685 289.108 294.813 301.385 308.581 315.657 323.197 331.033 337.754 344.899 349.591 354.381 361.608 367.581 
151 234.558 240.094 244.812 250.068 255.194 260.972 267.008 273.514 278.570 286.051 291.458 298.182 305.999 311.317 320.176 326.187 333.970 337.165 344.271 350.158 354.923 
152 227.381 232.147 236.892 241.365 246.524 252.663 257.881 263.525 269.647 275.372 281.267 288.183 295.023 302.050 309.511 316.484 322.290 327.223 333.319 337.902 343.853 
153 219.506 224.406 229.504 233.874 238.959 244.228 249.125 255.594 261.259 266.089 272.420 278.336 285.151 291.714 299.634 305.829 311.507 316.061 321.632 326.621 332.566 
154 212.263 217.155 221.690 225.994 231.045 236.333 240.336 247.160 252.422 258.210 262.835 270.203 276.105 283.086 290.022 295.315 302.037 305.459 309.974 315.847 322.587 
155 205.330 210.036 213.974 218.117 223.237 228.357 233.352 239.029 244.137 250.219 254.845 261.060 267.434 273.257 279.642 286.207 291.563 296.117 301.490 306.066 311.345 
156 199.175 202.812 207.142 211.410 216.261 220.525 225.972 231.186 236.264 241.701 246.573 252.729 257.975 263.712 271.187 278.065 281.586 286.076 290.923 296.712 301.974 
157 192.531 196.322 200.433 203.818 209.398 213.717 218.853 223.851 229.395 233.833 238.155 244.013 250.270 255.531 262.429 268.099 273.199 277.065 282.563 287.444 292.294 
158 186.768 190.115 194.004 197.736 202.322 206.964 211.822 217.093 221.282 225.955 231.100 236.068 242.671 247.558 254.518 260.113 264.653 269.149 273.065 278.181 282.810 
159 180.029 183.706 187.904 192.141 195.763 199.618 205.187 209.827 213.806 218.202 223.138 228.693 234.309 239.404 245.263 251.176 256.844 260.738 263.433 269.455 274.035 
160 174.838 178.520 182.064 185.503 190.045 194.415 198.769 203.088 207.334 211.113 216.135 221.215 227.194 232.681 238.120 243.630 248.458 251.638 255.456 260.610 265.874 
161 168.840 172.348 176.388 179.810 183.350 187.427 191.966 196.344 201.047 205.322 209.952 214.226 219.784 225.272 230.564 235.912 240.903 244.354 247.922 252.364 256.949 
162 163.730 166.993 170.132 174.414 177.675 181.850 185.440 190.068 194.536 198.700 203.194 208.214 212.924 217.722 223.060 228.614 233.355 236.439 240.819 244.883 249.680 
163 158.255 161.994 165.012 168.345 172.086 175.969 180.036 183.991 188.124 192.662 196.688 201.583 206.279 210.523 216.662 221.212 226.086 229.244 233.116 236.910 241.474 
164 153.217 156.463 160.195 163.429 166.595 170.778 174.183 177.712 182.439 186.359 191.158 194.989 199.727 204.349 209.740 213.698 219.069 221.938 225.996 229.893 235.083 
165 148.087 151.868 154.760 158.304 161.580 165.263 169.157 172.749 176.401 180.654 185.043 189.230 193.973 197.750 203.242 208.220 212.440 215.400 218.804 222.856 226.868 
166 144.170 146.874 150.093 153.186 156.716 159.998 163.757 167.541 171.290 174.588 179.047 182.435 187.440 192.306 197.293 201.806 205.991 208.506 212.027 215.783 220.235 
167 139.567 142.602 145.267 148.151 151.616 155.368 159.167 162.573 165.725 169.778 173.729 177.169 182.368 185.940 191.248 195.568 199.129 201.582 205.778 209.277 214.150 
168 135.560 138.513 140.812 144.093 146.970 150.583 153.836 157.633 160.560 164.598 168.061 172.290 176.420 180.097 184.891 189.836 192.941 196.147 199.202 203.047 207.488 
169 131.181 134.281 136.482 139.660 142.824 146.088 148.946 152.397 156.157 159.344 162.889 166.327 171.181 174.665 179.663 183.952 187.425 190.287 193.472 197.168 200.646 
170 127.141 129.903 132.571 135.276 138.511 141.541 144.691 147.599 151.424 154.292 158.473 161.894 166.088 169.496 174.584 178.501 182.062 184.757 187.791 191.731 195.065 
171 123.561 125.833 128.342 131.112 134.451 136.619 140.478 143.630 146.695 149.884 153.308 157.578 160.816 164.514 168.938 172.755 176.292 178.733 181.958 185.891 188.650 
172 119.468 122.017 124.796 127.157 130.170 133.049 136.041 139.617 142.370 145.738 148.866 152.392 156.511 159.675 163.973 167.950 171.989 174.004 177.284 180.309 183.710 
173 116.266 118.726 120.914 123.734 126.565 129.349 132.064 134.869 138.125 141.367 144.313 147.340 151.468 154.859 158.822 162.933 166.256 168.475 172.004 175.361 178.107 
174 112.627 115.067 117.393 120.028 122.194 125.415 128.197 131.048 133.898 137.152 140.149 143.588 146.872 150.490 154.312 157.689 161.251 163.586 166.752 169.838 173.282 
175 109.316 111.369 113.860 116.331 118.667 121.491 124.112 127.269 130.347 132.857 135.976 138.771 142.809 146.209 150.048 153.038 156.267 158.697 161.698 164.843 168.100 
176 105.975 108.225 110.342 112.738 115.381 118.004 120.574 123.620 126.012 128.959 132.221 135.193 138.540 141.882 145.448 149.112 151.722 154.174 156.649 160.332 163.412 
177 102.883 105.209 107.263 109.199 112.054 114.628 116.866 119.929 122.507 125.149 128.183 131.009 134.371 137.639 141.023 144.936 147.556 150.034 152.258 155.452 158.483 
178 99.801 101.907 104.160 106.371 108.862 110.932 113.923 116.505 118.942 121.557 124.772 127.146 130.664 134.167 136.726 140.664 143.235 146.174 148.338 150.842 154.267 
179 96.994 98.877 100.768 103.312 105.316 108.235 110.255 113.168 115.210 117.969 120.852 123.710 126.819 129.571 132.888 136.530 139.185 140.940 144.207 146.918 149.463 
180 93.975 96.008 98.026 100.051 102.350 104.707 107.057 109.658 112.390 114.387 117.682 120.144 123.159 125.963 129.085 132.614 135.314 136.673 139.731 142.315 145.178 
181 91.526 93.418 95.075 97.131 99.478 101.446 103.826 106.377 108.898 111.608 113.951 116.786 119.430 122.290 125.602 128.453 131.202 133.653 136.149 138.300 141.024 
182 88.746 90.685 92.553 94.548 96.660 98.444 100.724 103.239 105.894 108.328 110.851 113.176 116.226 118.803 121.867 125.022 127.376 129.722 132.247 134.534 137.791 
183 85.953 88.102 89.822 91.605 93.843 95.921 98.283 100.345 102.826 105.144 107.502 110.057 112.790 115.385 118.717 121.167 123.736 125.781 128.346 130.683 133.340 
184 83.836 85.519 87.376 89.242 90.966 93.159 95.184 97.717 99.909 102.136 104.280 106.840 109.803 112.314 115.085 117.717 120.569 122.226 124.673 127.012 129.609 
185 81.436 83.322 84.789 86.554 88.420 90.647 92.708 94.492 96.901 98.981 101.323 104.090 106.690 108.629 112.109 114.477 117.154 118.979 121.229 123.815 125.814 
186 79.043 80.612 82.304 84.030 86.069 87.900 89.930 92.162 94.365 96.176 98.683 100.948 103.547 106.049 108.863 111.378 113.937 115.383 117.622 120.243 122.738 
187 76.894 78.519 80.056 81.675 83.768 85.396 87.183 89.327 91.711 93.341 95.527 98.332 100.824 102.873 105.711 108.299 110.648 112.609 114.507 116.703 119.146 
188 74.695 76.353 77.818 79.536 81.320 83.129 85.035 86.972 88.937 91.347 93.064 95.323 97.981 100.239 102.770 105.176 107.718 109.051 111.174 113.530 115.901 
189 72.550 74.128 75.433 77.284 79.094 80.921 82.883 84.490 86.653 88.484 90.687 92.883 95.145 97.349 99.946 102.630 104.634 106.293 108.469 110.396 112.402 
190 70.513 72.218 73.495 75.261 76.794 78.531 80.460 82.154 84.127 85.991 88.196 90.175 92.592 94.561 97.062 99.619 101.537 103.118 105.353 107.465 109.928 
191 68.662 70.311 71.685 72.979 74.506 76.128 78.027 79.849 81.702 83.602 85.419 87.684 89.837 92.074 94.649 96.872 99.205 100.384 102.432 104.558 106.317 
192 66.642 68.204 69.399 71.195 72.485 74.159 75.832 77.836 79.596 81.364 83.140 85.297 87.448 89.387 91.939 94.181 96.481 97.850 99.623 101.629 103.617 
193 64.918 66.172 67.714 69.014 70.786 72.020 74.055 75.725 77.410 79.266 81.017 83.047 85.193 87.181 89.606 91.544 93.660 95.196 96.982 98.870 101.084 
194 62.997 64.261 65.676 67.208 68.678 70.162 71.822 73.640 75.541 76.815 78.852 80.935 82.669 84.656 87.249 89.046 91.300 92.387 94.509 96.275 98.190 
195 61.502 62.638 63.913 65.178 66.692 68.458 69.722 71.663 73.282 75.053 76.629 78.174 80.754 82.226 84.872 86.803 88.731 89.953 91.956 93.716 95.768 
196 59.656 60.934 62.337 63.622 64.972 66.585 68.254 69.460 71.421 72.958 74.660 76.172 78.066 80.168 82.389 84.273 86.446 87.915 89.341 91.321 93.243 
197 58.068 59.327 60.669 61.849 63.262 64.736 66.176 67.774 69.423 70.842 72.731 74.440 76.231 78.098 80.123 82.240 83.913 85.604 86.875 88.784 90.751 
198 56.455 57.699 58.775 60.200 61.444 62.975 64.248 65.741 67.502 69.154 70.666 72.275 74.100 75.801 77.845 79.795 81.919 83.058 84.757 86.384 88.292 
199 54.973 56.200 57.292 58.574 59.878 61.126 62.789 64.138 65.653 67.187 68.471 70.393 72.139 73.876 76.002 77.778 79.589 80.864 82.710 84.266 85.823 
200 53.493 54.723 55.823 56.952 58.377 59.651 60.996 62.549 63.744 65.480 66.891 68.490 70.378 71.805 73.897 75.829 77.641 78.822 80.257 82.201 83.647 
201 52.001 53.189 54.404 55.497 56.607 57.945 59.486 60.529 62.260 63.525 65.225 66.825 68.490 69.867 72.154 73.895 75.343 76.769 78.027 79.932 81.476 
202 50.716 51.808 52.997 53.982 55.218 56.437 57.793 59.090 60.400 62.021 63.459 65.008 66.737 68.246 70.144 72.030 73.276 74.937 76.128 77.786 79.290 
203 49.301 50.541 51.434 52.590 53.819 54.989 56.368 57.597 58.954 60.399 61.764 63.416 65.010 66.508 68.301 69.911 71.628 72.817 74.213 75.917 77.280 
204 48.034 49.051 50.154 51.144 52.380 53.609 54.629 56.073 57.410 58.694 60.096 61.550 63.083 64.683 66.481 68.126 69.614 70.869 72.431 73.792 75.629 
205 46.777 47.729 48.768 49.931 50.987 52.122 53.424 54.533 55.888 57.435 58.654 60.005 61.583 62.888 64.950 66.474 67.953 69.050 70.457 71.845 73.460 
206 45.550 46.523 47.531 48.602 49.760 50.648 51.927 53.096 54.498 55.629 56.796 58.378 60.026 61.366 63.069 64.656 66.232 67.086 68.516 70.144 71.607 
207 44.449 45.329 46.306 47.303 48.343 49.499 50.624 51.925 53.040 54.369 55.374 56.949 58.302 60.102 61.345 62.978 64.506 65.555 66.597 68.135 69.748 
208 43.307 44.275 45.055 45.945 47.139 48.063 49.264 50.395 51.754 52.991 54.220 55.484 56.927 58.185 59.949 61.357 62.708 63.670 65.183 66.385 67.959 
209 42.093 43.003 43.885 44.824 45.954 46.902 48.038 49.260 50.328 51.502 52.770 53.967 55.536 56.811 58.387 59.762 61.243 62.117 63.553 64.658 66.248 
210 41.081 41.828 42.725 43.628 44.800 45.645 46.892 47.864 48.942 50.038 51.356 52.738 53.842 55.508 57.056 58.304 59.803 60.696 61.995 63.117 64.551 
211 39.990 40.788 41.689 42.717 43.424 44.550 45.549 46.598 47.752 48.825 50.030 51.224 52.679 53.925 55.545 56.940 58.042 59.045 60.404 61.639 63.079 
212 38.962 39.867 40.638 41.425 42.373 43.496 44.513 45.421 46.522 47.701 48.824 49.954 51.194 52.487 53.959 55.410 56.798 57.711 58.775 60.246 61.326 
213 37.917 38.842 39.573 40.449 41.328 42.294 43.249 44.338 45.456 46.399 47.632 48.794 50.028 51.137 52.635 54.065 55.176 56.038 57.441 58.663 59.851 
214 36.994 37.749 38.552 39.440 40.322 41.152 42.295 43.156 44.198 45.413 46.240 47.403 48.641 50.075 51.577 52.785 53.789 54.735 55.990 57.118 58.343 
215 36.130 36.897 37.524 38.524 39.315 40.177 41.127 42.066 43.221 44.071 45.128 46.363 47.482 48.850 50.079 51.415 52.521 53.414 54.516 55.732 56.996 
216 35.115 36.002 36.736 37.450 38.333 39.099 40.099 41.076 42.024 42.955 44.026 45.188 46.324 47.427 48.741 50.141 51.331 52.179 53.346 54.347 55.436 
217 34.166 35.001 35.659 36.553 37.422 38.194 39.080 40.057 41.057 41.951 42.857 43.840 45.239 46.350 47.596 48.899 49.941 50.971 51.906 53.106 54.227 
218 33.403 34.148 34.782 35.600 36.479 37.244 38.200 39.120 39.888 40.911 41.882 42.830 44.081 45.108 46.495 47.688 48.700 49.542 50.717 51.667 52.892 
219 32.580 33.318 33.961 34.715 35.467 36.312 37.211 38.014 38.890 39.971 40.827 41.798 43.075 43.978 45.362 46.453 47.697 48.554 49.402 50.346 51.686 
220 31.684 32.529 33.114 33.848 34.648 35.506 36.318 37.046 37.983 38.973 39.844 40.875 41.816 42.872 44.196 45.284 46.288 47.282 48.064 49.179 50.316 
