130 744.96 40.81 45.652 16.6233 17.3611 99999. 99999.
131 717.029 39.286 43.657 16.0845 16.7831 99999. 99999.
132 690.376 37.828 41.843 15.5744 16.2354 99999. 99999.
133 665.145 36.517 40.583 15.0776 15.7042 99999. 99999.
134 640.718 34.959 38.868 14.602 15.195 99999. 99999.
135 617.431 33.63 37.537 14.1417 14.7039 99999. 99999.
136 595.057 32.456 36.208 13.6999 14.2327 99999. 99999.
137 573.572 31.356 34.484 13.2727 13.7775 99999. 99999.
138 553.15 29.977 33.367 12.8624 13.3412 99999. 99999.
139 533.458 28.998 32.011 12.465 12.9192 99999. 99999.
140 514.738 27.833 31.012 12.0832 12.5141 99999. 99999.
141 496.549 26.855 29.725 11.7178 12.1267 99999. 99999.
142 479.148 25.917 28.553 11.3605 11.7481 99999. 99999.
143 462.642 25.075 27.76 11.0152 11.3832 99999. 99999.
144 446.61 24.058 26.645 10.6857 11.035 99999. 99999.
145 431.292 23.19 25.793 10.3702 10.7016 99999. 99999.
146 416.532 22.431 24.933 10.0584 10.3731 99999. 99999.
147 402.323 21.715 23.795 9.76389 10.0629 99999. 99999.
148 388.789 20.803 23.075 9.47289 9.75669 99999. 99999.
149 375.702 20.166 22.181 9.19568 9.46526 99999. 99999.
150 363.238 19.395 21.536 8.92794 9.18386 99999. 99999.
151 351.089 18.751 20.683 8.66805 8.9111 99999. 99999.
152 339.442 18.131 19.908 8.4171 8.64778 99999. 99999.
153 328.374 17.578 19.395 8.17305 8.39223 99999. 99999.
154 317.593 16.896 18.653 7.94035 8.14849 99999. 99999.
155 307.272 16.315 18.092 7.71408 7.91192 99999. 99999.
156 297.302 15.812 17.523 7.49308 7.68092 99999. 99999.
157 287.682 15.337 16.753 7.28305 7.46135 99999. 99999.
158 278.503 14.719 16.277 7.07854 7.24781 99999. 99999.
159 269.606 14.293 15.675 6.8793 7.04003 99999. 99999.
160 261.117 13.772 15.247 6.68761 6.84034 99999. 99999.
161 252.821 13.338 14.67 6.49999 6.64475 99999. 99999.
162 244.851 12.921 14.144 6.32279 6.46031 99999. 99999.
163 237.267 12.548 13.805 6.14765 6.27808 99999. 99999.
164 229.861 12.081 13.3 5.9796 6.1034 99999. 99999.
165 222.757 11.685 12.923 5.81688 5.93428 99999. 99999.
166 215.88 11.345 12.537 5.65897 5.77048 99999. 99999.
167 209.232 11.021 12.006 5.50507 5.61081 99999. 99999.
168 202.878 10.594 11.685 5.35715 5.45732 99999. 99999.
169 196.706 10.305 11.27 5.21426 5.30926 99999. 99999.
170 190.809 9.944 10.981 5.07392 5.16386 99999. 99999.
171 185.031 9.646 10.582 4.93855 5.02377 99999. 99999.
172 179.471 9.359 10.218 4.80664 4.88737 99999. 99999.
173 174.173 9.103 9.99 4.68263 4.75905 99999. 99999.
174 168.987 8.778 9.639 4.55763 4.62992 99999. 99999.
175 164.006 8.502 9.382 4.43827 4.50662 99999. 99999.
176 159.174 8.267 9.115 4.32232 4.38699 99999. 99999.
177 154.494 8.043 8.741 4.20996 4.27108 99999. 99999.
178 150.015 7.743 8.52 4.10048 4.15821 99999. 99999.
179 145.656 7.542 8.229 3.99596 4.05041 99999. 99999.
180 141.486 7.288 8.031 3.89266 3.94403 99999. 99999.
181 137.39 7.081 7.749 3.79277 3.84116 99999. 99999.
182 133.444 6.879 7.494 3.69757 3.74313 99999. 99999.
183 129.679 6.7 7.337 3.60226 3.6451 99999. 99999.
184 125.986 6.469 7.089 3.51219 3.5525 99999. 99999.
185 122.434 6.273 6.91 3.42315 3.461 99999. 99999.
186 118.982 6.109 6.723 3.33683 3.37235 99999. 99999.
187 115.633 5.951 6.455 3.25352 3.28683 99999. 99999.
188 112.425 5.736 6.301 3.17232 3.20349 99999. 99999.
189 109.296 5.595 6.093 3.09456 3.12371 99999. 99999.
190 106.3 5.414 5.954 3.01783 3.04508 99999. 99999.
191 103.351 5.266 5.7522 2.94287 2.96826 99999. 99999.
192 100.506 5.123 5.5696 2.87114 2.89483 99999. 99999.
193 97.7889 4.9961 5.4606 2.80024 2.82225 99999. 99999.
194 95.1183 4.8299 5.2825 2.73174 2.75214 99999. 99999.
195 92.5471 4.6888 5.1555 2.66647 2.68542 99999. 99999.
196 90.0436 4.5718 5.0216 2.60165 2.61915 99999. 99999.
197 87.6116 4.4592 4.8273 2.53876 2.55495 99999. 99999.
198 85.2795 4.3028 4.7183 2.47726 2.49214 99999. 99999.
199 83.0015 4.2019 4.5678 2.41819 2.43187 99999. 99999.
200 80.8181 4.0703 4.4692 2.36065 2.37318 99999. 99999.
201 78.6644 3.9639 4.3227 2.30406 2.31549 99999. 99999.
202 76.5839 3.8606 4.1899 2.24997 2.26037 99999. 99999.
203 74.5957 3.7696 4.113 2.19718 2.2066 99999. 99999.
204 72.6379 3.6481 3.9834 2.14511 2.1536 99999. 99999.
205 70.751 3.545 3.8923 2.09459 2.10219 99999. 99999.
206 68.9108 3.4607 3.7953 2.04597 2.05275 99999. 99999.
207 67.1209 3.3791 3.6523 1.99758 2.00357 99999. 99999.
208 65.403 3.264 3.5739 1.95162 1.95688 99999. 99999.
209 63.7223 3.1909 3.4633 1.90592 1.91045 99999. 99999.
210 62.1102 3.0941 3.3926 1.86188 1.86575 99999. 99999.
211 60.5169 3.0165 3.2847 1.81919 1.82244 99999. 99999.
212 58.9761 2.9411 3.1869 1.77761 1.78029 99999. 99999.
213 57.5027 2.8748 3.132 1.7368 1.73891 99999. 99999.
214 56.0493 2.7848 3.0364 1.69723 1.69883 99999. 99999.
215 54.6473 2.7086 2.9702 1.65872 1.65983 99999. 99999.
216 53.278 2.647 2.8991 1.62118 1.62185 99999. 99999.
217 51.9444 2.5872 2.7924 1.58445 1.58466 99999. 99999.
218 50.6636 2.5014 2.7355 1.549 1.54885 99999. 99999.
219 49.4087 2.4479 2.6532 1.514 1.51347 99999. 99999.
220 48.1963 2.3966 2.5996 1.48032 1.47942 99999. 99999.
220 48.1963 2.3966 2.5996 1.48032 1.47942 99999. 99999.