130 490.969 12.216 17.255 19.1189 19.1189 99999. 99999.
131 471.982 11.78 16.41 18.46 18.46 99999. 99999.
132 453.84 11.426 15.647 17.8351 17.8351 99999. 99999.
133 436.735 11.075 15.298 17.237 17.237 99999. 99999.
134 420.206 10.475 14.587 16.6574 16.6574 99999. 99999.
135 404.416 10.141 14.107 16.1003 16.1003 99999. 99999.
136 389.267 9.839 13.603 15.5669 15.5669 99999. 99999.
137 374.769 9.54 12.852 15.0497 15.0497 99999. 99999.
138 360.992 9.025 12.458 14.5548 14.5548 99999. 99999.
139 347.698 8.812 11.877 14.0815 14.0815 99999. 99999.
140 335.107 8.381 11.566 13.6236 13.6236 99999. 99999.
141 322.881 8.102 11.023 13.1888 13.1888 99999. 99999.
142 311.17 7.871 10.534 12.759 12.759 99999. 99999.
143 300.108 7.642 10.329 12.3492 12.3492 99999. 99999.
144 289.382 7.245 9.866 11.9559 11.9559 99999. 99999.
145 279.108 7.027 9.564 11.5807 11.5807 99999. 99999.
146 269.223 6.84 9.238 11.2114 11.2114 99999. 99999.
147 259.741 6.64 8.745 10.8661 10.8661 99999. 99999.
148 250.711 6.296 8.492 10.521 10.521 99999. 99999.
149 241.972 6.162 8.11 10.1976 10.1976 99999. 99999.
150 233.68 5.874 7.914 9.88133 9.88133 99999. 99999.
151 225.605 5.689 7.557 9.57523 9.57523 99999. 99999.
152 217.851 5.536 7.235 9.28078 9.28078 99999. 99999.
153 210.515 5.384 7.111 8.9967 8.9967 99999. 99999.
154 203.382 5.113 6.805 8.72531 8.72531 99999. 99999.
155 196.533 4.967 6.611 8.46354 8.46354 99999. 99999.
156 189.929 4.844 6.397 8.20553 8.20553 99999. 99999.
157 183.58 4.706 6.068 7.96081 7.96081 99999. 99999.
158 177.522 4.471 5.904 7.7236 7.7236 99999. 99999.
159 171.646 4.38 5.65 7.49307 7.49307 99999. 99999.
160 166.061 4.183 5.526 7.27311 7.27311 99999. 99999.
161 160.607 4.058 5.285 7.05522 7.05522 99999. 99999.
162 155.358 3.955 5.068 6.85214 6.85214 99999. 99999.
163 150.386 3.853 4.991 6.65065 6.65065 99999. 99999.
164 145.539 3.665 4.784 6.45814 6.45814 99999. 99999.
165 140.876 3.565 4.657 6.27115 6.27115 99999. 99999.
166 136.37 3.483 4.513 6.09156 6.09156 99999. 99999.
167 132.029 3.388 4.288 5.91687 5.91687 99999. 99999.
168 127.881 3.225 4.179 5.74742 5.74742 99999. 99999.
169 123.847 3.164 4.005 5.58456 5.58456 99999. 99999.
170 120.009 3.026 3.924 5.42506 5.42506 99999. 99999.
171 116.252 2.94 3.759 5.27171 5.27171 99999. 99999.
172 112.628 2.87 3.61 5.12302 5.12302 99999. 99999.
173 109.192 2.8 3.561 4.98219 4.98219 99999. 99999.
174 105.834 2.667 3.419 4.8416 4.8416 99999. 99999.
175 102.598 2.598 3.3332 4.70654 4.70654 99999. 99999.
176 99.4659 2.5411 3.2354 4.57712 4.57712 99999. 99999.
177 96.4429 2.4748 3.0787 4.45072 4.45072 99999. 99999.
178 93.5492 2.3595 3.0046 4.32818 4.32818 99999. 99999.
179 90.7301 2.3172 2.8833 4.21128 4.21128 99999. 99999.
180 88.0444 2.2204 2.83 4.09591 4.09591 99999. 99999.
181 85.4096 2.1588 2.7145 3.98363 3.98363 99999. 99999.
182 82.8628 2.1109 2.6098 3.87692 3.87692 99999. 99999.
183 80.4476 2.0618 2.5798 3.77086 3.77086 99999. 99999.
184 78.0805 1.9665 2.4799 3.671 3.671 99999. 99999.
185 75.7965 1.9177 2.4211 3.57228 3.57228 99999. 99999.
186 73.5816 1.8777 2.353 3.47619 3.47619 99999. 99999.
187 71.4409 1.8314 2.2419 3.38446 3.38446 99999. 99999.
188 69.3887 1.7487 2.1906 3.29445 3.29445 99999. 99999.
189 67.3859 1.7194 2.1046 3.20872 3.20872 99999. 99999.
190 65.4763 1.6497 2.069 3.12459 3.12459 99999. 99999.
191 63.5985 1.6054 1.9868 3.04164 3.04164 99999. 99999.
192 61.7805 1.5715 1.9126 2.96353 2.96353 99999. 99999.
193 60.0555 1.5369 1.8935 2.88608 2.88608 99999. 99999.
194 58.3606 1.4684 1.8221 2.81072 2.81072 99999. 99999.
195 56.7237 1.433 1.7814 2.73945 2.73945 99999. 99999.
196 55.1336 1.4043 1.7335 2.66828 2.66828 99999. 99999.
197 53.5948 1.3715 1.6536 2.60039 2.60039 99999. 99999.
198 52.1174 1.3111 1.6175 2.53282 2.53282 99999. 99999.
199 50.6735 1.2906 1.5557 2.46904 2.46904 99999. 99999.
200 49.2955 1.24 1.5314 2.40646 2.40646 99999. 99999.
201 47.9377 1.2076 1.4722 2.34548 2.34548 99999. 99999.
202 46.6213 1.1833 1.4188 2.28658 2.28658 99999. 99999.
203 45.3716 1.1584 1.4067 2.22974 2.22974 99999. 99999.
204 44.1408 1.1085 1.3548 2.17337 2.17337 99999. 99999.
205 42.9512 1.0827 1.3263 2.11893 2.11893 99999. 99999.
206 41.7937 1.0618 1.292 2.06688 2.06688 99999. 99999.
207 40.6724 1.0382 1.2339 2.01498 2.01498 99999. 99999.
208 39.5944 0.9935 1.2083 1.96538 1.96538 99999. 99999.
209 38.5392 0.9792 1.163 1.91679 1.91679 99999. 99999.
210 37.5315 0.9418 1.1463 1.87004 1.87004 99999. 99999.
211 36.5367 0.9177 1.1031 1.82391 1.82391 99999. 99999.
212 35.571 0.9003 1.0642 1.77951 1.77951 99999. 99999.
213 34.6538 0.882 1.0566 1.73654 1.73654 99999. 99999.
214 33.7486 0.8452 1.0185 1.69454 1.69454 99999. 99999.
215 32.8729 0.8261 0.9983 1.65338 1.65338 99999. 99999.
216 32.0196 0.811 0.9733 1.61358 1.61358 99999. 99999.
217 31.1922 0.7937 0.9304 1.57491 1.57491 99999. 99999.
218 30.3958 0.7602 0.912 1.53722 1.53722 99999. 99999.
219 29.6153 0.7501 0.8786 1.50024 1.50024 99999. 99999.
220 28.8658 0.7344 0.8671 1.46505 1.46505 99999. 99999.
220 28.8658 0.7344 0.8671 1.46505 1.46505 99999. 99999.