    0.103995 0.105005 0.106001 0.10699 0.108 0.108993 0.110012 0.110996 0.111986 0.112992 0.113987 0.114993 0.115983 0.116991 0.117988 0.118992 0.120004
130 387.513 396.522 405.816 415.447 425.647 436.12 447.215 458.403 470.067 482.292 494.818 507.868 521.174 535.072 549.294 563.995 579.214
131 374.866 383.613 392.642 402.005 411.926 422.121 432.927 443.832 455.206 467.133 479.361 492.107 505.11 518.696 532.606 546.99 561.884
132 360.362 368.767 377.446 386.447 395.986 405.789 416.18 426.667 437.606 449.078 460.84 473.1 485.608 498.678 512.06 525.897 540.227
133 345.134 353.224 361.578 370.243 379.426 388.865 398.869 408.968 419.505 430.553 441.882 453.692 465.743 478.335 491.228 504.563 518.373
134 333.343 341.166 349.251 357.644 366.543 375.697 385.404 395.209 405.445 416.183 427.2 438.688 450.419 462.679 475.24 488.235 501.697
135 320.006 327.528 335.303 343.373 351.929 360.731 370.063 379.492 389.334 399.658 410.251 421.297 432.576 444.365 456.444 468.939 481.885
136 308.247 315.505 323.01 330.803 339.067 347.572 356.591 365.706 375.223 385.208 395.455 406.142 417.058 428.467 440.159 452.257 464.791
137 296.218 303.219 310.46 317.981 325.957 334.167 342.874 351.676 360.868 370.512 380.41 390.735 401.282 412.307 423.606 435.298 447.414
138 285.381 292.139 299.131 306.393 314.096 322.027 330.438 338.943 347.825 357.145 366.712 376.692 386.889 397.547 408.473 419.78 431.496
139 274.294 280.809 287.551 294.556 301.987 309.64 317.757 325.967 334.544 343.544 352.785 362.425 372.278 382.577 393.137 404.066 415.393
140 263.671 269.925 276.4 283.13 290.272 297.629 305.436 313.334 321.587 330.251 339.147 348.431 357.921 367.843 378.018 388.55 399.468
141 254.436 260.494 266.767 273.289 280.21 287.341 294.908 302.565 310.568 318.968 327.596 336.6 345.806 355.432 365.305 375.526 386.121
142 245.186 251.036 257.099 263.406 270.103 277.009 284.338 291.761 299.522 307.672 316.047 324.79 333.735 343.089 352.689 362.63 372.939
143 236.138 241.777 247.622 253.704 260.162 266.821 273.891 281.051 288.537 296.4 304.479 312.914 321.543 330.568 339.83 349.421 359.366
144 227.872 233.324 238.977 244.861 251.109 257.554 264.397 271.329 278.578 286.193 294.019 302.191 310.554 319.301 328.278 337.577 347.222
145 219.753 225.028 230.496 236.188 242.232 248.467 255.086 261.792 268.805 276.171 283.742 291.648 299.738 308.199 316.885 325.881 335.211
146 211.298 216.37 221.631 227.112 232.935 238.946 245.331 251.804 258.577 265.693 273.011 280.656 288.483 296.671 305.08 313.792 322.831
147 203.76 208.68 213.786 219.105 224.757 230.592 236.79 243.075 249.652 256.563 263.67 271.096 278.7 286.655 294.826 303.292 312.076
148 197.039 201.784 206.709 211.841 217.295 222.928 228.912 234.982 241.334 248.011 254.879 262.055 269.404 277.095 284.994 293.181 301.675
149 189.824 194.416 199.185 204.155 209.438 214.896 220.695 226.579 232.738 239.212 245.874 252.835 259.966 267.428 275.096 283.043 291.29
150 183.431 187.868 192.477 197.284 202.395 207.677 213.291 218.99 224.957 231.23 237.687 244.435 251.349 258.586 266.023 273.731 281.732
151 176.384 180.656 185.094 189.723 194.645 199.733 205.139 210.629 216.377 222.421 228.641 235.143 241.806 248.78 255.948 263.378 271.091
152 170.566 174.714 179.025 183.523 188.307 193.253 198.51 203.849 209.442 215.323 221.377 227.708 234.197 240.99 247.974 255.216 262.734
153 164.513 168.518 172.683 177.028 181.65 186.429 191.509 196.67 202.075 207.76 213.613 219.733 226.007 232.575 239.327 246.329 253.598
154 158.833 162.704 166.731 170.934 175.406 180.032 184.95 189.949 195.185 200.694 206.367 212.3 218.384 224.754 231.305 238.1 245.155
155 153.476 157.22 161.114 165.179 169.504 173.977 178.734 183.567 188.632 193.958 199.444 205.181 211.064 217.223 223.557 230.126 236.946
156 148.587 152.219 155.999 159.948 164.152 168.504 173.132 177.839 182.773 187.964 193.314 198.909 204.651 210.663 216.848 223.264 229.928
157 143.403 146.912 150.565 154.38 158.443 162.648 167.122 171.672 176.442 181.462 186.635 192.046 197.599 203.415 209.399 215.608 222.056
158 138.853 142.258 145.804 149.509 153.455 157.542 161.89 166.314 170.953 175.836 180.869 186.135 191.541 197.203 203.03 209.077 215.359
159 133.716 136.996 140.414 143.985 147.789 151.73 155.923 160.19 164.664 169.374 174.23 179.311 184.527 189.992 195.616 201.453 207.518
160 129.691 132.88 136.203 139.677 143.379 147.215 151.298 155.455 159.815 164.405 169.14 174.095 179.183 184.514 190.002 195.699 201.619
161 125.069 128.144 131.35 134.702 138.274 141.976 145.915 149.927 154.135 158.565 163.135 167.917 172.829 177.976 183.274 188.775 194.491
162 121.016 123.996 127.105 130.357 133.822 137.415 141.241 145.138 149.227 153.533 157.977 162.629 167.408 172.416 177.575 182.931 188.498
163 116.862 119.745 122.752 125.899 129.253 132.732 136.436 140.211 144.172 148.344 152.65 157.158 161.791 166.646 171.647 176.84 182.238
164 112.924 115.721 118.639 121.692 124.946 128.321 131.914 135.576 139.419 143.466 147.642 152.015 156.509 161.218 166.069 171.106 176.342
165 109.07 111.769 114.586 117.535 120.679 123.94 127.412 130.953 134.668 138.582 142.622 146.853 151.202 155.759 160.455 165.331 170.401
166 105.978 108.604 111.345 114.215 117.276 120.452 123.834 127.284 130.905 134.719 138.658 142.783 147.024 151.469 156.049 160.806 165.753
167 102.493 105.036 107.692 110.473 113.439 116.518 119.797 123.141 126.652 130.352 134.172 138.174 142.288 146.601 151.047 155.665 160.467
168 99.3822 101.855 104.438 107.145 110.033 113.031 116.225 119.485 122.909 126.517 130.244 134.149 138.165 142.377 146.719 151.23 155.922
169 96.093 98.4827 100.979 103.595 106.385 109.283 112.37 115.52 118.829 122.316 125.918 129.692 133.573 137.643 141.839 146.198 150.732
170 93.0118 95.3265 97.7458 100.282 102.989 105.801 108.799 111.859 115.073 118.462 121.964 125.635 129.411 133.371 137.455 141.699 146.114
171 90.2572 92.511 94.867 97.3371 99.9738 102.713 105.633 108.615 111.747 115.05 118.464 122.041 125.723 129.584 133.567 137.706 142.013
172 87.2246 89.4019 91.6786 94.0663 96.6155 99.2645 102.089 104.973 108.005 111.201 114.506 117.969 121.534 125.274 129.132 133.141 137.314
173 84.6744 86.7889 89.0013 91.3227 93.802 96.3796 99.1284 101.937 104.89 108.004 111.224 114.6 118.076 121.722 125.485 129.396 133.468
174 81.9029 83.9545 86.1013 88.3542 90.7605 93.2626 95.9311 98.6585 101.526 104.55 107.678 110.958 114.336 117.879 121.536 125.339 129.297
175 79.442 81.4296 83.5097 85.6929 88.0251 90.4503 93.0371 95.6815 98.4617 101.395 104.428 107.609 110.886 114.324 117.872 121.562 125.403
176 76.913 78.8393 80.8557 82.9726 85.2342 87.5865 90.0957 92.6612 95.3588 98.2047 101.149 104.236 107.415 110.752 114.196 117.777 121.505
177 74.5658 76.4395 78.4012 80.4608 82.6613 84.9504 87.3922 89.8892 92.5148 95.285 98.1507 101.156 104.252 107.501 110.855 114.342 117.973
178 72.2784 74.0984 76.0046 78.0067 80.1462 82.3727 84.7482 87.1783 89.7343 92.4316 95.2228 98.1507 101.168 104.334 107.604 111.005 114.546
179 70.0991 71.8633 73.7119 75.6542 77.7307 79.8923 82.1993 84.5601 87.044 89.6658 92.3796 95.2272 98.162 101.243 104.425 107.736 111.184
180 67.8293 69.5395 71.3315 73.2146 75.2277 77.3234 79.5602 81.8494 84.258 86.8003 89.4321 92.1936 95.04 98.0281 101.115 104.326 107.671
181 66.004 67.671 69.4186 71.2556 73.2202 75.2661 77.4502 79.6862 82.0395 84.5239 87.0965 89.7963 92.5797 95.5022 98.5213 101.663 104.936
182 63.893 65.5046 67.1947 68.9718 70.8726 72.8527 74.9669 77.1319 79.4109 81.8172 84.3094 86.9253 89.6228 92.4554 95.3823 98.4284 101.602
183 61.8358 63.3952 65.0311 66.7516 68.5924 70.5103 72.5585 74.6567 76.8655 79.1981 81.6144 84.1509 86.7671 89.5146 92.354 95.3093 98.3886
184 60.2356 61.7572 63.3538 65.0335 66.831 68.7043 70.7052 72.7553 74.914 77.1941 79.5564 82.0367 84.5953 87.2826 90.0603 92.9518 95.965
185 58.4224 59.8999 61.4504 63.082 64.8282 66.6484 68.5928 70.5856 72.6842 74.9011 77.1985 79.6108 82.0998 84.7145 87.4175 90.2318 93.1649
186 56.6627 58.0941 59.5968 61.1783 62.8714 64.6366 66.5226 68.4559 70.4922 72.6436 74.8735 77.2152 79.6317 82.1704 84.7953 87.5284 90.3772
187 55.0387 56.4311 57.8934 59.4329 61.0813 62.8006 64.6379 66.5218 68.5066 70.604 72.7783 75.0622 77.4197 79.8967 82.4584 85.1263 87.9076
188 53.4015 54.7562 56.1789 57.6769 59.2809 60.9539 62.7418 64.5754 66.5071 68.5484 70.6648 72.8879 75.1827 77.594 80.0878 82.6849 85.3926
189 51.7946 53.1088 54.4897 55.9442 57.5021 59.1276 60.8651 62.6476 64.526 66.5114 68.5704 70.7336 72.9672 75.3145 77.7428 80.2721 82.9096
190 50.2996 51.5771 52.9194 54.3335 55.8482 57.4287 59.1183 60.8518 62.6787 64.6097 66.6125 68.7168 70.8898 73.1736 75.5364 77.9977 80.5644
191 48.9136 50.1566 51.4633 52.8403 54.3156 55.8556 57.5023 59.1924 60.9739 62.8574 64.8114 66.8648 68.9858 71.2153 73.5224 75.9261 78.4332
192 47.4146 48.62 49.8873 51.223 52.6543 54.1484 55.7461 57.3862 59.1152 60.9433 62.84 64.8334 66.8927 69.0574 71.2976 73.6319 76.0668
193 46.1608 47.3338 48.5674 49.8678 51.2614 52.7166 54.2728 55.8705 57.555 59.3362 61.1846 63.1272 65.1343 67.2442 69.428 71.7036 74.0774
194 44.7238 45.8618 47.0591 48.322 49.6759 51.0903 52.6033 54.1575 55.7966 57.5303 59.33 61.2219 63.1773 65.2333 67.362 69.5806 71.8954
195 43.6399 44.75 45.918 47.1498 48.4705 49.8501 51.3261 52.8422 54.4411 56.1324 57.8881 59.734 61.6418 63.6479 65.725 67.8899 70.1488
196 42.2668 43.344 44.4778 45.674 46.9568 48.2973 49.7317 51.2055 52.7603 54.4051 56.1129 57.9087 59.7652 61.7175 63.7393 65.8469 68.0463
197 41.1217 42.1672 43.268 44.4296 45.6757 46.978 48.3717 49.8041 51.3153 52.9143 54.5749 56.3212 58.1268 60.026 61.9929 64.0436 66.1839
198 39.9079 40.9246 41.9954 43.1257 44.3383 45.606 46.9629 48.3578 49.8298 51.3874 53.0053 54.7069 56.4667 58.3177 60.2351 62.2343 64.3211
199 38.8272 39.8173 40.8603 41.9614 43.143 44.3784 45.7009 47.0608 48.496 50.015 51.593 53.2529 54.9697 56.7759 58.6473 60.5988 62.636
200 37.7436 38.7062 39.7204 40.7914 41.9407 43.1427 44.4296 45.753 47.1499 48.6286 50.1648 51.7811 53.4529 55.2119 57.0346 58.9355 60.9201
201 36.6397 37.5769 38.5648 39.6083 40.7284 41.9001 43.1549 44.4457 45.8085 47.2512 48.7505 50.3281 51.9604 53.678 55.4581 57.3149 59.2536
202 35.7052 36.6184 37.5812 38.5983 39.6903 40.8328 42.0565 43.3155 44.6449 46.0524 47.5153 49.0548 50.6479 52.3244 54.0621 55.8749 57.7679
203 34.6605 35.5478 36.4835 37.4722 38.5338 39.6448 40.8348 42.0596 43.3529 44.7224 46.1462 47.6446 49.1955 50.8277 52.5199 54.2854 56.1293
204 33.74 34.6027 35.5128 36.4747 37.5079 38.5893 39.748 40.9407 42.2005 43.5348 44.9221 46.3825 47.8943 49.4857 51.1357 52.8575 54.656
205 32.8357 33.6751 34.5605 35.4964 36.5016 37.5539 38.6813 39.842 41.068 42.3665 43.7168 45.1383 46.6099 48.159 49.7654 51.4417 53.1928
206 31.9511 32.7693 33.6327 34.5455 35.526 36.5527 37.6528 38.7856 39.9823 41.25 42.5684 43.9563 45.3934 46.9064 48.4754 50.1128 51.8234
207 31.1161 31.9133 32.7549 33.645 34.6016 35.6036 36.6777 37.7841 38.9533 40.1922 41.4811 42.8384 44.2443 45.7247 47.2604 48.8636 50.5388
208 30.3152 31.0902 31.9084 32.774 33.7042 34.6786 35.7232 36.7993 37.9366 39.1416 40.3955 41.716 43.0839 44.5243 46.0188 47.5789 49.2094
209 29.417 30.1715 30.9684 31.8115 32.7178 33.6673 34.6854 35.7345 36.8434 38.0185 39.2414 40.5294 41.8638 43.2691 44.7273 46.2497 47.8408
210 28.692 29.4275 30.2042 31.0263 31.91 32.8362 33.8293 34.8528 35.9348 37.0816 38.2753 39.5326 40.8354 42.2076 43.6316 45.1185 46.6727
211 27.8995 28.6141 29.3691 30.1685 31.0283 31.9296 32.8963 33.8931 34.947 36.0643 37.2276 38.4532 39.7235 41.0617 42.4508 43.9015 45.4182
212 27.1673 27.8641 28.6004 29.3799 30.2182 31.0969 32.0395 33.0113 34.0388 35.1282 36.2623 37.4573 38.6958 40.0005 41.3549 42.7694 44.2482
213 26.404 27.0811 27.797 28.5551 29.3707 30.226 31.1436 32.0901 33.091 34.1524 35.2578 36.4226 37.6301 38.9025 40.2234 41.6033 43.046
214 25.7401 26.3992 27.0961 27.8343 28.6287 29.4618 30.3557 31.2778 32.2532 33.2876 34.3649 35.5003 36.6776 37.9181 39.2062 40.5518 41.959
215 25.1212 25.7656 26.447 27.1689 27.9457 28.7604 29.6347 30.5367 31.4909 32.5029 33.557 34.668 35.82 37.0341 38.2948 39.6119 40.9893
216 24.3857 25.0107 25.6718 26.3726 27.1268 27.9182 28.7677 29.6444 30.572 31.556 32.5812 33.662 34.783 35.9645 37.1917 38.4741 39.8154
217 23.7131 24.3212 24.9645 25.6464 26.3803 27.1504 27.977 28.8303 29.7331 30.6908 31.6888 32.7408 33.8322 34.9825 36.1774 37.4261 38.7323
218 23.1504 23.7439 24.372 25.038 25.7552 26.508 27.3163 28.151 29.0344 29.9718 30.9489 31.9792 33.0483 34.1754 35.3465 36.5705 37.8512
219 22.564 23.1436 23.7571 24.4076 25.108 25.8434 26.6329 27.4482 28.3112 29.2269 30.1814 31.1879 32.2323 33.3334 34.4776 35.6735 36.9248
220 21.9347 22.4977 23.0937 23.7258 24.4064 25.1209 25.8882 26.6806 27.5193 28.4093 29.3372 30.3156 31.3309 32.4014 33.5138 34.6766 35.8933
