 347.500   3.698E-04   1.500E-05  -1.195E-05   3.334E-06  -3.185E-06   3.334E-06  -3.185E-06
 352.500   6.227E-04   1.892E-05  -1.502E-05   5.732E-06  -5.506E-06   5.732E-06  -5.506E-06
 357.500   7.604E-04   2.049E-05  -1.589E-05   6.835E-06  -6.463E-06   6.835E-06  -6.463E-06
 362.500   8.507E-04   1.993E-05  -1.569E-05   7.338E-06  -6.917E-06   7.338E-06  -6.917E-06
 367.500   9.129E-04   2.217E-05  -1.549E-05   7.519E-06  -7.103E-06   7.519E-06  -7.103E-06
 372.500   9.566E-04   1.970E-05  -1.476E-05   7.502E-06  -7.153E-06   7.502E-06  -7.153E-06
 377.500   9.847E-04   1.945E-05  -1.473E-05   7.323E-06  -6.853E-06   7.323E-06  -6.853E-06
 382.500   9.990E-04   1.809E-05  -1.411E-05   6.975E-06  -6.741E-06   6.975E-06  -6.741E-06
 387.500   1.007E-03   1.707E-05  -1.250E-05   6.778E-06  -6.227E-06   6.786E-06  -6.227E-06
 392.500   1.008E-03   1.372E-05  -1.215E-05   6.425E-06  -5.873E-06   6.634E-06  -5.873E-06
 397.500   1.000E-03   1.488E-05  -1.037E-05   6.018E-06  -5.486E-06   6.329E-06  -5.486E-06
 402.500   9.918E-04   1.188E-05  -1.018E-05   5.611E-06  -5.115E-06   5.939E-06  -5.115E-06
 407.500   9.751E-04   1.251E-05  -8.495E-06   5.273E-06  -4.687E-06   5.716E-06  -4.687E-06
 412.500   9.589E-04   1.060E-05  -7.908E-06   4.822E-06  -4.292E-06   5.389E-06  -4.292E-06
 417.500   9.384E-04   9.366E-06  -6.546E-06   4.329E-06  -3.948E-06   5.009E-06  -3.948E-06
 422.500   9.156E-04   8.779E-06  -5.597E-06   4.107E-06  -3.486E-06   4.759E-06  -3.520E-06
 427.500   8.957E-04   7.002E-06  -5.150E-06   3.723E-06  -3.141E-06   4.446E-06  -3.264E-06
 432.500   8.726E-04   6.787E-06  -4.805E-06   3.379E-06  -2.804E-06   4.124E-06  -2.980E-06
 437.500   8.464E-04   4.877E-06  -3.823E-06   3.034E-06  -2.486E-06   3.805E-06  -2.694E-06
 442.500   8.220E-04   4.477E-06  -2.962E-06   2.715E-06  -2.165E-06   3.503E-06  -2.323E-06
 447.500   7.960E-04   3.759E-06  -2.358E-06   2.418E-06  -1.876E-06   3.168E-06  -1.918E-06
 452.500   7.709E-04   4.319E-06  -1.897E-06   2.291E-06  -1.616E-06   3.022E-06  -1.616E-06
 457.500   7.480E-04   2.345E-06  -1.640E-06   1.973E-06  -1.370E-06   2.633E-06  -1.542E-06
 462.500   7.228E-04   3.223E-06  -1.152E-06   1.699E-06  -1.104E-06   2.526E-06  -1.367E-06
 467.500   6.984E-04   1.245E-06  -2.662E-06   1.532E-06  -9.662E-07   2.277E-06  -1.338E-06
 472.500   6.737E-04   1.016E-06  -1.064E-06   1.311E-06  -7.666E-07   2.027E-06  -1.103E-06
 477.500   6.495E-04   2.284E-06  -9.801E-07   1.209E-06  -5.498E-07   1.857E-06  -8.600E-07
 482.500   6.274E-04   2.189E-06  -1.126E-06   1.001E-06  -4.534E-07   1.625E-06  -8.249E-07
 487.500   6.037E-04   1.600E-06  -7.841E-07   1.034E-06  -3.345E-07   1.567E-06  -5.985E-07
 492.500   5.838E-04   1.266E-06  -1.624E-06   9.588E-07  -3.214E-07   1.393E-06  -4.524E-07
 497.500   5.617E-04   1.767E-06  -2.730E-06   9.275E-07  -3.737E-07   1.257E-06  -3.818E-07
 502.500   5.413E-04   1.604E-06  -9.116E-06   8.621E-07  -5.441E-07   1.115E-06  -5.441E-07
 507.500   5.202E-04   2.462E-06  -1.121E-05   9.390E-07  -6.011E-07   1.029E-06  -6.011E-07
 512.500   5.019E-04   2.044E-06  -9.884E-06   9.520E-07  -6.796E-07   9.520E-07  -6.796E-07
 517.500   4.828E-04   2.399E-06  -9.264E-06   9.973E-07  -7.655E-07   9.973E-07  -7.655E-07
 522.500   4.654E-04   2.232E-06  -7.669E-06   1.031E-06  -8.321E-07   1.031E-06  -1.656E-06
 527.500   4.476E-04   2.500E-06  -4.690E-06   9.827E-07  -9.404E-07   9.827E-07  -6.886E-06
 532.500   4.302E-04   2.589E-06  -3.345E-06   1.123E-06  -9.874E-07   1.123E-06  -6.639E-06
 537.500   4.149E-04   2.615E-06  -7.720E-06   1.088E-06  -2.551E-06   1.088E-06  -1.004E-05
 542.500   3.975E-04   3.275E-06  -6.132E-06   1.114E-06  -1.807E-06   1.835E-06  -9.580E-06
 547.500   3.850E-04   2.620E-06  -8.866E-06   1.167E-06  -6.017E-06   1.167E-06  -6.618E-06
 552.500   3.675E-04   3.610E-06  -6.502E-06   1.204E-06  -5.980E-06   1.204E-06  -6.599E-06
 557.500   3.560E-04   2.685E-06  -5.353E-06   1.234E-06  -6.134E-06   1.234E-06  -6.781E-06
 562.500   3.413E-04   2.998E-06  -3.300E-06   1.261E-06  -6.290E-06   1.261E-06  -6.966E-06
 567.500   3.283E-04   3.130E-06  -3.669E-06   1.288E-06  -6.246E-06   1.288E-06  -6.940E-06
 572.500   3.167E-04   2.833E-06  -3.912E-06   1.342E-06  -5.536E-06   1.342E-06  -6.218E-06
 577.500   3.041E-04   2.944E-06  -3.206E-06   1.356E-06  -1.334E-06   1.356E-06  -1.334E-06
 582.500   2.921E-04   3.373E-06  -3.596E-06   1.371E-06  -1.659E-06   1.371E-06  -3.454E-06
 587.500   2.805E-04   3.237E-06  -7.809E-06   1.384E-06  -5.172E-06   4.159E-06  -5.859E-06
 592.500   2.714E-04   3.092E-06  -7.578E-06   1.485E-06  -4.444E-06   1.485E-06  -4.505E-06
 597.500   2.593E-04   3.273E-06  -3.029E-06   1.398E-06  -1.354E-06   1.398E-06  -1.354E-06
 602.500   2.510E-04   2.841E-06  -3.791E-06   1.407E-06  -1.388E-06   1.407E-06  -1.388E-06
 607.500   2.419E-04   3.171E-06  -4.196E-06   1.402E-06  -1.400E-06   1.402E-06  -1.400E-06
 612.500   2.320E-04   2.949E-06  -3.268E-06   1.400E-06  -1.386E-06   1.400E-06  -1.386E-06
 617.500   2.231E-04   2.788E-06  -3.255E-06   1.389E-06  -1.380E-06   1.389E-06  -1.380E-06
 622.500   2.158E-04   2.846E-06  -3.255E-06   1.396E-06  -1.384E-06   1.396E-06  -1.384E-06
 627.500   2.057E-04   3.256E-06  -3.025E-06   1.379E-06  -1.370E-06   1.379E-06  -1.370E-06
 632.500   1.995E-04   2.900E-06  -3.659E-06   1.380E-06  -1.371E-06   1.380E-06  -1.371E-06
 637.500   1.918E-04   2.806E-06  -4.133E-06   1.370E-06  -1.359E-06   1.370E-06  -1.359E-06
 642.500   1.847E-04   2.734E-06  -2.843E-06   1.360E-06  -1.344E-06   1.360E-06  -1.344E-06
 647.500   1.770E-04   2.852E-06  -2.894E-06   1.282E-06  -1.398E-06   1.311E-06  -1.398E-06
 652.500   1.715E-04   2.758E-06  -3.712E-06   1.346E-06  -1.316E-06   1.346E-06  -1.316E-06
 657.500   1.655E-04   2.500E-06  -3.221E-06   1.319E-06  -1.312E-06   1.319E-06  -1.312E-06
 662.500   1.589E-04   2.691E-06  -3.402E-06   1.300E-06  -1.296E-06   1.300E-06  -1.296E-06
 667.500   1.529E-04   2.501E-06  -3.365E-06   1.285E-06  -1.271E-06   1.285E-06  -1.271E-06
 672.500   1.480E-04   2.412E-06  -3.122E-06   1.279E-06  -1.262E-06   1.279E-06  -1.262E-06
 677.500   1.421E-04   2.522E-06  -2.649E-06   1.218E-06  -1.217E-06   1.218E-06  -1.217E-06
 682.500   1.353E-04   3.366E-06  -2.550E-06   1.200E-06  -1.235E-06   1.200E-06  -1.235E-06
 687.500   1.321E-04   2.247E-06  -3.218E-06   1.212E-06  -1.214E-06   1.212E-06  -1.214E-06
 692.500   1.264E-04   3.043E-06  -2.462E-06   1.174E-06  -1.188E-06   1.174E-06  -1.188E-06
 697.500   1.222E-04   2.320E-06  -2.428E-06   1.186E-06  -1.184E-06   1.186E-06  -1.184E-06
 702.500   1.183E-04   2.311E-06  -3.010E-06   1.165E-06  -1.160E-06   1.165E-06  -1.160E-06
 707.500   1.134E-04   2.087E-06  -2.513E-06   1.098E-06  -1.118E-06   1.098E-06  -1.118E-06
 712.500   1.103E-04   2.151E-06  -2.874E-06   1.133E-06  -1.109E-06   1.133E-06  -1.109E-06
 717.500   1.052E-04   2.754E-06  -2.219E-06   1.098E-06  -1.071E-06   1.098E-06  -1.071E-06
 722.500   1.017E-04   2.089E-06  -2.205E-06   1.081E-06  -1.083E-06   1.081E-06  -1.083E-06
 727.500   9.867E-05   1.947E-06  -2.625E-06   1.071E-06  -1.076E-06   1.071E-06  -1.076E-06
 732.500   9.470E-05   2.749E-06  -2.096E-06   1.052E-06  -1.050E-06   1.052E-06  -1.050E-06
 737.500   9.201E-05   1.845E-06  -2.487E-06   1.018E-06  -1.039E-06   1.018E-06  -1.039E-06
 742.500   8.793E-05   2.063E-06  -2.087E-06   1.016E-06  -1.015E-06   1.016E-06  -1.015E-06
 747.500   8.559E-05   1.809E-06  -2.452E-06   9.853E-07  -1.000E-06   9.864E-07  -1.000E-06
 752.500   8.231E-05   2.137E-06  -2.107E-06   9.663E-07  -9.835E-07   9.663E-07  -9.835E-07
 757.500   7.951E-05   1.788E-06  -1.847E-06   9.669E-07  -9.563E-07   9.669E-07  -9.563E-07
 762.500   7.652E-05   1.727E-06  -2.313E-06   9.391E-07  -9.438E-07   9.391E-07  -9.438E-07
 767.500   7.398E-05   1.720E-06  -1.791E-06   9.220E-07  -9.229E-07   9.220E-07  -9.229E-07
 772.500   7.157E-05   1.794E-06  -1.751E-06   9.081E-07  -9.046E-07   9.081E-07  -9.046E-07
 777.500   6.864E-05   1.641E-06  -2.231E-06   8.815E-07  -8.811E-07   8.815E-07  -8.811E-07
 782.500   6.668E-05   1.649E-06  -1.806E-06   8.741E-07  -8.714E-07   8.741E-07  -8.714E-07
 787.500   6.439E-05   1.585E-06  -1.704E-06   8.595E-07  -8.555E-07   8.641E-07  -8.555E-07
 792.500   6.214E-05   1.527E-06  -1.782E-06   8.384E-07  -8.361E-07   8.384E-07  -8.361E-07
 797.500   6.016E-05   1.441E-06  -1.560E-06   8.205E-07  -8.239E-07   8.277E-07  -8.239E-07
 802.500   5.802E-05   1.467E-06  -1.713E-06   8.002E-07  -8.068E-07   8.095E-07  -8.068E-07
 807.500   5.643E-05   1.340E-06  -2.407E-06   7.922E-07  -7.957E-07   7.988E-07  -7.957E-07
 812.500   5.397E-05   1.534E-06  -1.461E-06   7.679E-07  -7.694E-07   7.754E-07  -7.694E-07
 817.500   5.217E-05   1.441E-06  -1.421E-06   7.528E-07  -7.546E-07   7.604E-07  -7.546E-07
 822.500   5.090E-05   1.260E-06  -1.958E-06   7.465E-07  -7.467E-07   7.569E-07  -7.467E-07
 827.500   4.874E-05   1.246E-06  -1.441E-06   7.239E-07  -7.258E-07   7.365E-07  -7.258E-07
 832.500   4.687E-05   2.014E-06  -1.303E-06   7.033E-07  -7.086E-07   7.248E-07  -7.086E-07
 837.500   4.636E-05   1.191E-06  -1.437E-06   7.047E-07  -7.077E-07   7.237E-07  -7.077E-07
 842.500   4.408E-05   1.338E-06  -1.982E-06   6.760E-07  -6.877E-07   6.941E-07  -6.877E-07
 847.500   4.275E-05   1.221E-06  -1.252E-06   6.668E-07  -6.685E-07   6.847E-07  -6.685E-07
 852.500   4.121E-05   1.225E-06  -1.298E-06   6.506E-07  -6.525E-07   6.693E-07  -6.525E-07
 857.500   4.037E-05   1.058E-06  -1.536E-06   6.451E-07  -6.466E-07   6.655E-07  -6.466E-07
 862.500   3.826E-05   1.469E-06  -1.150E-06   6.189E-07  -6.202E-07   6.405E-07  -6.202E-07
 867.500   3.769E-05   1.016E-06  -1.727E-06   6.173E-07  -6.177E-07   6.439E-07  -6.177E-07
 872.500   3.628E-05   1.161E-06  -1.230E-06   6.020E-07  -6.032E-07   6.247E-07  -6.032E-07
 877.500   3.500E-05   1.137E-06  -1.060E-06   5.879E-07  -5.891E-07   6.114E-07  -5.891E-07
 882.500   3.372E-05   9.718E-07  -1.051E-06   5.737E-07  -5.739E-07   5.975E-07  -5.739E-07
 887.500   3.320E-05   9.423E-07  -1.400E-06   5.717E-07  -5.727E-07   5.983E-07  -5.727E-07
 892.500   3.189E-05   9.019E-07  -1.134E-06   5.553E-07  -5.555E-07   5.809E-07  -5.555E-07
 897.500   2.999E-05   1.681E-06  -9.610E-07   5.281E-07  -5.284E-07   5.531E-07  -5.284E-07
 902.500   2.988E-05   8.495E-07  -1.100E-06   5.319E-07  -5.320E-07   5.580E-07  -5.320E-07
 907.500   2.857E-05   8.938E-07  -1.195E-06   5.128E-07  -5.138E-07   5.439E-07  -5.138E-07
 912.500   2.741E-05   1.407E-06  -8.993E-07   5.047E-07  -4.923E-07   5.248E-07  -4.923E-07
 917.500   2.739E-05   7.776E-07  -1.578E-06   5.045E-07  -4.991E-07   5.319E-07  -4.991E-07
 922.500   2.644E-05   8.883E-07  -8.548E-07   4.903E-07  -4.871E-07   5.223E-07  -4.871E-07
 927.500   2.524E-05   7.723E-07  -8.285E-07   4.736E-07  -4.696E-07   5.017E-07  -4.696E-07
 932.500   2.440E-05   7.550E-07  -8.402E-07   4.624E-07  -4.615E-07   4.908E-07  -4.615E-07
 937.500   2.400E-05   8.413E-07  -1.096E-06   4.601E-07  -4.587E-07   4.902E-07  -4.587E-07
 942.500   2.314E-05   6.945E-07  -9.364E-07   4.480E-07  -4.469E-07   4.788E-07  -4.469E-07
 947.500   2.270E-05   6.873E-07  -9.340E-07   4.440E-07  -4.427E-07   4.763E-07  -4.427E-07
 952.500   2.171E-05   6.656E-07  -9.394E-07   4.284E-07  -4.285E-07   4.603E-07  -4.285E-07
 957.500   2.097E-05   7.563E-07  -7.145E-07   4.176E-07  -4.181E-07   4.490E-07  -4.181E-07
 962.500   2.027E-05   7.495E-07  -9.150E-07   4.075E-07  -4.077E-07   4.395E-07  -4.077E-07
 967.500   1.971E-05   6.296E-07  -7.556E-07   4.009E-07  -3.998E-07   4.323E-07  -3.998E-07
 972.500   1.948E-05   6.896E-07  -1.081E-06   3.996E-07  -3.986E-07   4.320E-07  -3.986E-07
 977.500   1.790E-05   8.517E-07  -6.558E-07   3.699E-07  -3.698E-07   4.003E-07  -3.698E-07
 982.500   1.801E-05   5.603E-07  -7.182E-07   3.565E-07  -3.806E-07   3.994E-07  -3.806E-07
 987.500   1.733E-05   6.494E-07  -8.402E-07   3.511E-07  -3.682E-07   3.866E-07  -3.682E-07
 992.500   1.722E-05   5.815E-07  -8.467E-07   3.578E-07  -3.671E-07   3.921E-07  -3.671E-07
 997.500   1.622E-05   5.453E-07  -6.274E-07   3.484E-07  -3.425E-07   3.804E-07  -3.425E-07
1002.500   1.584E-05   5.997E-07  -5.717E-07   3.432E-07  -3.420E-07   3.754E-07  -3.420E-07
1007.500   1.534E-05   6.369E-07  -7.284E-07   3.351E-07  -3.340E-07   3.661E-07  -3.340E-07
1012.500   1.495E-05   7.071E-07  -5.898E-07   3.298E-07  -3.286E-07   3.631E-07  -3.286E-07
1017.500   1.445E-05   4.870E-07  -5.671E-07   3.214E-07  -3.199E-07   3.571E-07  -3.199E-07
1022.500   1.396E-05   6.958E-07  -5.729E-07   3.125E-07  -3.125E-07   3.432E-07  -3.125E-07
1027.500   1.387E-05   4.741E-07  -6.657E-07   3.140E-07  -3.126E-07   3.460E-07  -3.126E-07
1032.500   1.296E-05   6.025E-07  -5.011E-07   2.938E-07  -2.942E-07   3.262E-07  -2.942E-07
1037.500   1.330E-05   4.354E-07  -8.797E-07   3.059E-07  -3.046E-07   3.370E-07  -3.046E-07
1042.500   1.221E-05   5.161E-07  -4.766E-07   2.813E-07  -2.840E-07   3.142E-07  -2.840E-07
1047.500   1.196E-05   6.065E-07  -4.639E-07   2.814E-07  -2.787E-07   3.168E-07  -2.787E-07
1052.500   1.183E-05   4.929E-07  -6.680E-07   2.803E-07  -2.784E-07   3.172E-07  -2.784E-07
1057.500   1.135E-05   5.466E-07  -5.389E-07   2.718E-07  -2.692E-07   3.053E-07  -2.692E-07
1062.500   1.136E-05   3.762E-07  -7.154E-07   2.715E-07  -2.744E-07   3.051E-07  -2.744E-07
1067.500   1.069E-05   5.204E-07  -4.206E-07   2.611E-07  -2.625E-07   2.873E-07  -2.625E-07
1072.500   1.102E-05   3.657E-07  -1.039E-06   2.704E-07  -2.695E-07   3.045E-07  -2.695E-07
1077.500   9.471E-06   5.446E-07  -4.046E-07   2.316E-07  -2.344E-07   2.620E-07  -2.344E-07
1082.500   9.884E-06   5.675E-07  -4.454E-07   2.438E-07  -2.483E-07   2.728E-07  -2.483E-07
1087.500   9.526E-06   4.507E-07  -4.078E-07   2.394E-07  -2.363E-07   2.663E-07  -2.363E-07
1092.500   9.380E-06   3.430E-07  -3.772E-07   2.360E-07  -2.348E-07   2.666E-07  -2.348E-07
1097.500   9.256E-06   3.361E-07  -8.306E-07   2.347E-07  -2.339E-07   2.660E-07  -2.339E-07
1102.500   8.543E-06   6.096E-07  -3.557E-07   2.187E-07  -2.176E-07   2.489E-07  -2.176E-07
1107.500   8.265E-06   5.900E-07  -3.494E-07   2.158E-07  -2.135E-07   2.426E-07  -2.135E-07
1112.500   8.363E-06   4.093E-07  -6.036E-07   2.174E-07  -2.176E-07   2.475E-07  -2.176E-07
1117.500   8.069E-06   3.002E-07  -5.189E-07   2.110E-07  -2.122E-07   2.418E-07  -2.122E-07
1122.500   8.001E-06   2.931E-07  -4.971E-07   2.109E-07  -2.098E-07   2.417E-07  -2.098E-07
1127.500   7.501E-06   4.369E-07  -3.180E-07   1.987E-07  -1.964E-07   2.288E-07  -1.964E-07
1132.500   7.134E-06   3.606E-07  -3.120E-07   1.926E-07  -1.892E-07   2.201E-07  -1.892E-07
1137.500   7.022E-06   7.537E-07  -3.046E-07   1.887E-07  -1.885E-07   2.185E-07  -1.885E-07
1142.500   7.286E-06   2.691E-07  -6.627E-07   1.985E-07  -1.962E-07   2.282E-07  -1.962E-07
1147.500   6.656E-06   3.142E-07  -3.215E-07   1.822E-07  -1.809E-07   2.081E-07  -1.809E-07
1152.500   6.493E-06   3.099E-07  -3.097E-07   1.788E-07  -1.781E-07   2.066E-07  -1.781E-07
1157.500   6.390E-06   2.784E-07  -3.319E-07   1.768E-07  -1.759E-07   2.061E-07  -1.759E-07
1162.500   6.056E-06   3.246E-07  -2.653E-07   1.688E-07  -1.683E-07   1.981E-07  -1.683E-07
1167.500   6.305E-06   2.452E-07  -7.818E-07   1.789E-07  -1.770E-07   2.087E-07  -1.770E-07
1172.500   5.654E-06   3.713E-07  -2.554E-07   1.596E-07  -1.596E-07   1.866E-07  -1.596E-07
1177.500   5.912E-06   2.325E-07  -3.033E-07   1.681E-07  -1.678E-07   1.972E-07  -1.678E-07
1182.500   5.357E-06   3.007E-07  -2.421E-07   1.534E-07  -1.531E-07   1.799E-07  -1.531E-07
1187.500   5.268E-06   3.821E-07  -3.372E-07   1.518E-07  -1.515E-07   1.782E-07  -1.515E-07
1192.500   5.307E-06   4.682E-07  -3.218E-07   1.521E-07  -1.537E-07   1.801E-07  -1.537E-07
1197.500   5.353E-06   2.069E-07  -4.404E-07   1.567E-07  -1.556E-07   1.839E-07  -1.556E-07
1202.500   4.897E-06   2.943E-07  -2.392E-07   1.436E-07  -1.436E-07   1.696E-07  -1.436E-07
1207.500   4.826E-06   2.935E-07  -2.188E-07   1.426E-07  -1.424E-07   1.685E-07  -1.424E-07
1212.500   4.773E-06   1.953E-07  -3.474E-07   1.418E-07  -1.416E-07   1.681E-07  -1.416E-07
1217.500   4.451E-06   3.951E-07  -2.106E-07   1.330E-07  -1.332E-07   1.576E-07  -1.332E-07
1222.500   4.680E-06   1.858E-07  -5.552E-07   1.414E-07  -1.414E-07   1.669E-07  -1.414E-07
1227.500   4.140E-06   4.388E-07  -2.009E-07   1.259E-07  -1.254E-07   1.494E-07  -1.254E-07
1232.500   4.214E-06   1.769E-07  -2.998E-07   1.287E-07  -1.285E-07   1.535E-07  -1.285E-07
1237.500   4.140E-06   2.060E-07  -1.884E-07   1.273E-07  -1.271E-07   1.521E-07  -1.271E-07
1242.500   3.969E-06   3.346E-07  -3.607E-07   1.230E-07  -1.228E-07   1.470E-07  -1.228E-07
1247.500   3.819E-06   2.078E-07  -2.067E-07   1.197E-07  -1.190E-07   1.431E-07  -1.190E-07
1252.500   3.832E-06   1.639E-07  -4.353E-07   1.202E-07  -1.200E-07   1.444E-07  -1.200E-07
1257.500   3.681E-06   1.988E-07  -1.722E-07   1.163E-07  -1.177E-07   1.391E-07  -1.177E-07
1262.500   3.717E-06   1.577E-07  -3.137E-07   1.196E-07  -1.178E-07   1.434E-07  -1.178E-07
1267.500   3.280E-06   2.692E-07  -2.566E-07   1.046E-07  -1.045E-07   1.271E-07  -1.045E-07
1272.500   3.391E-06   1.913E-07  -1.632E-07   1.092E-07  -1.090E-07   1.319E-07  -1.090E-07
1277.500   3.309E-06   1.739E-07  -2.196E-07   1.069E-07  -1.072E-07   1.297E-07  -1.072E-07
1282.500   3.299E-06   1.434E-07  -1.531E-07   1.073E-07  -1.074E-07   1.305E-07  -1.074E-07
1287.500   3.231E-06   1.373E-07  -2.373E-07   1.056E-07  -1.057E-07   1.283E-07  -1.057E-07
1292.500   3.177E-06   1.339E-07  -2.947E-07   1.043E-07  -1.041E-07   1.270E-07  -1.041E-07
1297.500   3.012E-06   3.350E-07  -1.445E-07   9.921E-08  -9.911E-08   1.215E-07  -9.911E-08
1302.500   3.181E-06   1.290E-07  -4.551E-07   1.056E-07  -1.058E-07   1.286E-07  -1.062E-07
1307.500   2.667E-06   2.990E-07  -1.401E-07   8.896E-08  -8.914E-08   1.088E-07  -8.976E-08
1312.500   2.663E-06   1.854E-07  -1.356E-07   8.943E-08  -8.956E-08   1.101E-07  -8.956E-08
1317.500   2.651E-06   1.210E-07  -1.323E-07   8.983E-08  -8.982E-08   1.101E-07  -8.982E-08
1322.500   2.669E-06   1.244E-07  -2.938E-07   9.088E-08  -9.094E-08   1.118E-07  -9.094E-08
1327.500   2.513E-06   1.318E-07  -1.264E-07   8.608E-08  -8.621E-08   1.059E-07  -8.621E-08
1332.500   2.593E-06   1.146E-07  -2.413E-07   8.939E-08  -8.946E-08   1.102E-07  -8.946E-08
1337.500   2.313E-06   2.031E-07  -1.292E-07   8.013E-08  -7.984E-08   9.821E-08  -8.021E-08
1342.500   2.391E-06   1.490E-07  -2.592E-07   8.318E-08  -8.345E-08   1.027E-07  -8.380E-08
1347.500   2.341E-06   1.063E-07  -1.661E-07   8.201E-08  -8.200E-08   1.014E-07  -8.218E-08
1352.500   2.167E-06   1.302E-07  -1.128E-07   7.632E-08  -7.643E-08   9.465E-08  -7.648E-08
1357.500   2.155E-06   1.628E-07  -1.099E-07   7.636E-08  -7.653E-08   9.474E-08  -7.670E-08
1362.500   2.034E-06   1.689E-07  -1.080E-07   7.249E-08  -7.259E-08   9.011E-08  -7.271E-08
1367.500   2.256E-06   9.815E-08  -4.103E-07   8.081E-08  -8.086E-08   1.006E-07  -8.107E-08
1372.500   2.039E-06   9.496E-08  -1.194E-07   7.351E-08  -7.350E-08   9.167E-08  -7.380E-08
1377.500   1.947E-06   1.362E-07  -1.005E-07   7.081E-08  -7.073E-08   8.821E-08  -7.099E-08
1382.500   1.901E-06   1.512E-07  -9.863E-08   6.914E-08  -6.953E-08   8.662E-08  -6.990E-08
1387.500   1.865E-06   9.374E-08  -1.416E-07   6.824E-08  -6.833E-08   8.553E-08  -6.896E-08
1392.500   1.751E-06   1.398E-07  -9.552E-08   6.432E-08  -6.425E-08   8.091E-08  -6.517E-08
1397.500   1.817E-06   8.500E-08  -2.863E-07   6.713E-08  -6.734E-08   8.449E-08  -6.832E-08
1402.500   1.741E-06   1.426E-07  -9.110E-08   6.486E-08  -6.487E-08   8.160E-08  -6.535E-08
1407.500   1.605E-06   1.464E-07  -1.002E-07   6.006E-08  -5.996E-08   7.579E-08  -6.062E-08
1412.500   1.674E-06   8.040E-08  -1.019E-07   6.309E-08  -6.278E-08   7.961E-08  -6.361E-08
1417.500   1.496E-06   2.140E-07  -8.607E-08   5.662E-08  -5.666E-08   7.172E-08  -5.735E-08
1422.500   1.642E-06   7.704E-08  -2.156E-07   6.255E-08  -6.264E-08   7.936E-08  -6.346E-08
1427.500   1.508E-06   8.652E-08  -8.089E-08   5.775E-08  -5.789E-08   7.338E-08  -5.872E-08
1432.500   1.460E-06   1.084E-07  -7.899E-08   5.616E-08  -5.629E-08   7.140E-08  -5.731E-08
1437.500   1.432E-06   4.204E-07  -7.800E-08   5.536E-08  -5.553E-08   7.039E-08  -5.646E-08
1442.500   1.511E-06   6.983E-08  -3.269E-07   5.868E-08  -5.888E-08   7.484E-08  -5.984E-08
1447.500   1.443E-06   1.228E-07  -1.289E-07   5.633E-08  -5.656E-08   7.202E-08  -5.751E-08
1452.500   1.326E-06   1.037E-07  -1.486E-07   5.199E-08  -5.243E-08   6.664E-08  -5.313E-08
1457.500   1.373E-06   7.632E-08  -1.624E-07   5.408E-08  -5.472E-08   6.950E-08  -5.547E-08
1462.500   1.216E-06   1.364E-07  -7.071E-08   4.815E-08  -4.854E-08   6.198E-08  -4.945E-08
1467.500   1.249E-06   9.508E-08  -6.800E-08   4.978E-08  -5.029E-08   6.404E-08  -5.106E-08
1472.500   1.212E-06   7.411E-08  -1.197E-07   4.889E-08  -4.865E-08   6.269E-08  -4.960E-08
1477.500   1.245E-06   6.056E-08  -1.131E-07   5.018E-08  -5.063E-08   6.483E-08  -5.127E-08
1482.500   1.112E-06   5.939E-08  -7.310E-08   4.515E-08  -4.520E-08   5.832E-08  -4.607E-08
1487.500   1.021E-06   2.616E-07  -6.371E-08   4.159E-08  -4.164E-08   5.372E-08  -4.284E-08
1492.500   1.188E-06   5.778E-08  -2.201E-07   4.857E-08  -4.896E-08   6.327E-08  -5.023E-08
1497.500   9.391E-07   1.577E-07  -6.130E-08   3.867E-08  -3.884E-08   5.033E-08  -3.987E-08
1502.500   1.051E-06   5.612E-08  -6.487E-08   4.352E-08  -4.363E-08   5.707E-08  -4.482E-08
1507.500   1.082E-06   5.409E-08  -2.041E-07   4.494E-08  -4.518E-08   5.889E-08  -4.630E-08
1512.500   9.267E-07   1.223E-07  -5.661E-08   3.863E-08  -3.883E-08   5.047E-08  -3.989E-08
1517.500   1.017E-06   5.109E-08  -1.661E-07   4.261E-08  -4.284E-08   5.557E-08  -4.404E-08
1522.500   9.327E-07   8.045E-08  -6.146E-08   3.921E-08  -3.919E-08   5.110E-08  -4.073E-08
1527.500   8.928E-07   7.792E-08  -5.224E-08   3.782E-08  -3.775E-08   4.942E-08  -3.912E-08
1532.500   9.578E-07   4.817E-08  -9.654E-08   4.072E-08  -4.091E-08   5.336E-08  -4.198E-08
1537.500   9.354E-07   4.729E-08  -1.169E-07   3.992E-08  -4.015E-08   5.237E-08  -4.145E-08
1542.500   7.382E-07   1.838E-07  -5.123E-08   3.165E-08  -3.186E-08   4.167E-08  -3.292E-08
1547.500   8.914E-07   4.519E-08  -1.980E-07   3.841E-08  -3.869E-08   5.075E-08  -4.003E-08
1552.500   8.149E-07   6.588E-08  -4.738E-08   3.528E-08  -3.548E-08   4.658E-08  -3.687E-08
1557.500   7.918E-07   1.095E-07  -4.648E-08   3.444E-08  -3.475E-08   4.549E-08  -3.605E-08
1562.500   7.818E-07   4.203E-08  -1.474E-07   3.432E-08  -3.452E-08   4.549E-08  -3.560E-08
1567.500   8.565E-07   4.162E-08  -1.293E-07   3.754E-08  -3.806E-08   4.984E-08  -3.932E-08
1572.500   7.051E-07   9.774E-08  -4.717E-08   3.111E-08  -3.136E-08   4.145E-08  -3.245E-08
1577.500   7.403E-07   4.019E-08  -7.258E-08   3.271E-08  -3.307E-08   4.366E-08  -3.448E-08
1582.500   6.824E-07   8.901E-08  -1.025E-07   3.026E-08  -3.068E-08   3.995E-08  -3.192E-08
1587.500   6.983E-07   5.799E-08  -4.103E-08   3.132E-08  -3.139E-08   4.168E-08  -3.261E-08
1592.500   6.103E-07   9.348E-08  -4.136E-08   2.739E-08  -2.765E-08   3.663E-08  -2.874E-08
1597.500   6.326E-07   9.832E-08  -3.986E-08   2.859E-08  -2.879E-08   3.827E-08  -2.994E-08
1602.500   6.370E-07   6.061E-08  -3.862E-08   2.890E-08  -2.916E-08   3.876E-08  -3.032E-08
1607.500   6.249E-07   3.505E-08  -3.828E-08   2.850E-08  -2.875E-08   3.820E-08  -2.994E-08
1612.500   6.226E-07   5.379E-08  -1.965E-07   2.848E-08  -2.877E-08   3.815E-08  -3.017E-08
1617.500   6.099E-07   3.336E-08  -3.715E-08   2.808E-08  -2.847E-08   3.766E-08  -2.976E-08
1622.500   6.486E-07   3.335E-08  -5.900E-08   3.001E-08  -3.034E-08   4.021E-08  -3.184E-08
1627.500   5.962E-07   3.253E-08  -1.115E-07   2.772E-08  -2.797E-08   3.734E-08  -2.932E-08
1632.500   5.057E-07   8.173E-08  -3.488E-08   2.365E-08  -2.387E-08   3.201E-08  -2.501E-08
1637.500   5.618E-07   3.189E-08  -5.449E-08   2.652E-08  -2.644E-08   3.607E-08  -2.768E-08
1642.500   6.172E-07   3.337E-08  -9.766E-08   2.910E-08  -2.946E-08   3.976E-08  -3.079E-08
1647.500   4.787E-07   4.838E-08  -3.450E-08   2.273E-08  -2.324E-08   3.079E-08  -2.407E-08
1652.500   4.895E-07   5.571E-08  -3.118E-08   2.359E-08  -2.353E-08   3.180E-08  -2.469E-08
1657.500   5.148E-07   3.822E-08  -6.939E-08   2.460E-08  -2.498E-08   3.349E-08  -2.615E-08
1662.500   4.597E-07   2.958E-08  -2.997E-08   2.232E-08  -2.197E-08   3.021E-08  -2.320E-08
1667.500   4.791E-07   3.163E-08  -6.137E-08   2.329E-08  -2.307E-08   3.135E-08  -2.457E-08
1672.500   4.471E-07   4.751E-08  -3.388E-08   2.155E-08  -2.187E-08   2.943E-08  -2.300E-08
1677.500   4.570E-07   2.610E-08  -3.860E-08   2.219E-08  -2.234E-08   3.027E-08  -2.350E-08
1682.500   4.481E-07   4.577E-08  -2.935E-08   2.184E-08  -2.205E-08   2.992E-08  -2.317E-08
1687.500   4.394E-07   4.233E-08  -6.120E-08   2.151E-08  -2.167E-08   2.956E-08  -2.276E-08
1692.500   4.402E-07   2.463E-08  -3.774E-08   2.169E-08  -2.189E-08   2.972E-08  -2.299E-08
1697.500   4.334E-07   2.719E-08  -2.977E-08   2.144E-08  -2.139E-08   2.943E-08  -2.287E-08
1702.500   3.818E-07   3.055E-08  -4.652E-08   1.896E-08  -1.910E-08   2.606E-08  -2.020E-08
1707.500   3.661E-07   6.087E-08  -2.546E-08   1.825E-08  -1.849E-08   2.518E-08  -1.949E-08
1712.500   3.856E-07   2.624E-08  -3.528E-08   1.926E-08  -1.950E-08   2.666E-08  -2.062E-08
1717.500   3.866E-07   2.764E-08  -3.503E-08   1.942E-08  -1.956E-08   2.685E-08  -2.077E-08
1722.500   3.619E-07   4.262E-08  -2.360E-08   1.836E-08  -1.842E-08   2.542E-08  -1.942E-08
1727.500   3.717E-07   4.102E-08  -4.686E-08   1.883E-08  -1.916E-08   2.611E-08  -2.020E-08
1732.500   3.294E-07   4.887E-08  -2.448E-08   1.677E-08  -1.702E-08   2.326E-08  -1.799E-08
1737.500   3.648E-07   2.105E-08  -3.459E-08   1.868E-08  -1.898E-08   2.594E-08  -2.006E-08
1742.500   3.239E-07   3.193E-08  -2.209E-08   1.654E-08  -1.703E-08   2.314E-08  -1.798E-08
1747.500   3.498E-07   2.282E-08  -2.121E-08   1.804E-08  -1.835E-08   2.510E-08  -1.961E-08
1752.500   3.304E-07   1.971E-08  -5.240E-08   1.723E-08  -1.744E-08   2.397E-08  -1.837E-08
1757.500   3.048E-07   3.471E-08  -2.077E-08   1.571E-08  -1.622E-08   2.215E-08  -1.703E-08
1762.500   3.233E-07   1.882E-08  -2.781E-08   1.691E-08  -1.709E-08   2.353E-08  -1.811E-08
1767.500   3.735E-07   1.915E-08  -9.311E-08   1.961E-08  -1.988E-08   2.726E-08  -2.108E-08
1772.500   2.498E-07   5.128E-08  -1.996E-08   1.315E-08  -1.340E-08   1.843E-08  -1.420E-08
1777.500   2.648E-07   5.027E-08  -1.907E-08   1.401E-08  -1.418E-08   1.967E-08  -1.502E-08
1782.500   2.688E-07   2.852E-08  -1.853E-08   1.428E-08  -1.445E-08   2.003E-08  -1.541E-08
1787.500   2.922E-07   1.697E-08  -3.404E-08   1.556E-08  -1.582E-08   2.189E-08  -1.691E-08
1792.500   2.611E-07   5.991E-08  -1.784E-08   1.396E-08  -1.421E-08   1.967E-08  -1.515E-08
1797.500   2.562E-07   2.466E-08  -3.659E-08   1.379E-08  -1.386E-08   1.940E-08  -1.487E-08
1802.500   2.507E-07   2.732E-08  -6.437E-08   1.348E-08  -1.371E-08   1.909E-08  -1.462E-08
1807.500   2.193E-07   6.659E-08  -1.730E-08   1.191E-08  -1.208E-08   1.682E-08  -1.288E-08
1812.500   2.491E-07   1.510E-08  -2.700E-08   1.351E-08  -1.382E-08   1.925E-08  -1.475E-08
1817.500   2.389E-07   1.651E-08  -1.616E-08   1.306E-08  -1.324E-08   1.846E-08  -1.417E-08
1822.500   2.280E-07   1.909E-08  -2.069E-08   1.249E-08  -1.271E-08   1.769E-08  -1.362E-08
1827.500   2.454E-07   1.460E-08  -3.621E-08   1.350E-08  -1.377E-08   1.919E-08  -1.465E-08
1832.500   2.108E-07   2.952E-08  -1.538E-08   1.166E-08  -1.187E-08   1.660E-08  -1.266E-08
1837.500   2.603E-07   1.447E-08  -5.788E-08   1.443E-08  -1.470E-08   2.051E-08  -1.573E-08
1842.500   1.884E-07   3.192E-08  -1.498E-08   1.048E-08  -1.070E-08   1.484E-08  -1.144E-08
1847.500   2.319E-07   2.604E-08  -1.650E-08   1.295E-08  -1.322E-08   1.840E-08  -1.417E-08
1852.500   1.831E-07   3.715E-08  -1.848E-08   1.029E-08  -1.042E-08   1.471E-08  -1.119E-08
1857.500   1.841E-07   1.944E-08  -1.476E-08   1.036E-08  -1.062E-08   1.479E-08  -1.137E-08
1862.500   2.073E-07   1.262E-08  -3.489E-08   1.168E-08  -1.200E-08   1.674E-08  -1.287E-08
1867.500   2.101E-07   1.256E-08  -2.292E-08   1.193E-08  -1.218E-08   1.714E-08  -1.304E-08
1872.500   1.554E-07   3.981E-08  -1.349E-08   8.863E-09  -9.030E-09   1.275E-08  -9.676E-09
1877.500   1.663E-07   2.457E-08  -1.745E-08   9.521E-09  -9.711E-09   1.372E-08  -1.046E-08
1882.500   1.834E-07   1.208E-08  -1.258E-08   1.056E-08  -1.077E-08   1.524E-08  -1.156E-08
1887.500   1.620E-07   2.141E-08  -2.811E-08   9.343E-09  -9.559E-09   1.347E-08  -1.025E-08
1892.500   1.823E-07   1.131E-08  -2.291E-08   1.055E-08  -1.079E-08   1.523E-08  -1.157E-08
1897.500   1.685E-07   1.657E-08  -1.163E-08   9.847E-09  -9.952E-09   1.417E-08  -1.070E-08
1902.500   1.766E-07   1.089E-08  -1.265E-08   1.038E-08  -1.055E-08   1.490E-08  -1.127E-08
1907.500   1.686E-07   1.062E-08  -1.507E-08   9.914E-09  -1.012E-08   1.435E-08  -1.082E-08
1912.500   1.595E-07   1.541E-08  -3.049E-08   9.381E-09  -9.590E-09   1.360E-08  -1.031E-08
1917.500   1.513E-07   2.867E-08  -1.094E-08   8.947E-09  -9.121E-09   1.300E-08  -9.800E-09
1922.500   1.555E-07   1.006E-08  -1.593E-08   9.222E-09  -9.403E-09   1.341E-08  -1.014E-08
1927.500   1.440E-07   1.547E-08  -1.572E-08   8.585E-09  -8.760E-09   1.250E-08  -9.433E-09
1932.500   1.412E-07   1.524E-08  -1.984E-08   8.473E-09  -8.608E-09   1.227E-08  -9.306E-09
1937.500   1.482E-07   9.762E-09  -1.046E-08   8.905E-09  -9.090E-09   1.283E-08  -9.817E-09
1942.500   1.410E-07   9.276E-09  -1.752E-08   8.501E-09  -8.662E-09   1.242E-08  -9.359E-09
1947.500   1.302E-07   1.198E-08  -1.252E-08   7.845E-09  -8.044E-09   1.152E-08  -8.710E-09
1952.500   1.267E-07   2.094E-08  -9.569E-09   7.708E-09  -7.879E-09   1.125E-08  -8.490E-09
1957.500   1.110E-07   3.221E-08  -9.594E-09   6.767E-09  -6.934E-09   9.898E-09  -7.436E-09
1962.500   1.238E-07   1.577E-08  -1.293E-08   7.577E-09  -7.780E-09   1.113E-08  -8.354E-09
1967.500   1.365E-07   8.597E-09  -3.447E-08   8.391E-09  -8.604E-09   1.233E-08  -9.254E-09
1972.500   1.189E-07   1.047E-08  -9.237E-09   7.342E-09  -7.504E-09   1.079E-08  -8.131E-09
1977.500   1.384E-07   8.349E-09  -2.275E-08   8.574E-09  -8.797E-09   1.263E-08  -9.533E-09
1982.500   1.185E-07   1.448E-08  -8.830E-09   7.379E-09  -7.539E-09   1.090E-08  -8.190E-09
1987.500   1.104E-07   8.745E-09  -2.631E-08   6.893E-09  -7.063E-09   1.018E-08  -7.659E-09
1992.500   1.053E-07   1.182E-08  -1.464E-08   6.594E-09  -6.750E-09   9.745E-09  -7.342E-09
1997.500   1.063E-07   1.538E-08  -9.457E-09   6.682E-09  -6.839E-09   9.898E-09  -7.439E-09
2002.500   1.127E-07   7.805E-09  -9.236E-09   7.107E-09  -7.279E-09   1.053E-08  -7.914E-09
2007.500   1.078E-07   7.240E-09  -1.863E-08   6.825E-09  -7.000E-09   1.014E-08  -7.601E-09
2012.500   1.007E-07   1.691E-08  -7.601E-09   6.411E-09  -6.566E-09   9.535E-09  -7.106E-09
2017.500   9.784E-08   6.886E-09  -7.529E-09   6.244E-09  -6.418E-09   9.296E-09  -6.945E-09
2022.500   9.719E-08   6.726E-09  -8.429E-09   6.209E-09  -6.400E-09   9.263E-09  -6.930E-09
2027.500   9.577E-08   7.959E-09  -7.191E-09   6.148E-09  -6.330E-09   9.201E-09  -6.854E-09
2032.500   8.164E-08   2.052E-08  -9.392E-09   5.238E-09  -5.407E-09   7.858E-09  -5.870E-09
2037.500   9.590E-08   1.009E-08  -1.286E-08   6.195E-09  -6.366E-09   9.264E-09  -6.923E-09
2042.500   8.880E-08   7.838E-09  -8.789E-09   5.744E-09  -5.927E-09   8.618E-09  -6.464E-09
2047.500   8.704E-08   9.324E-09  -8.440E-09   5.662E-09  -5.824E-09   8.481E-09  -6.307E-09
2052.500   8.804E-08   6.124E-09  -1.138E-08   5.783E-09  -5.913E-09   8.640E-09  -6.389E-09
2057.500   8.545E-08   2.356E-08  -6.348E-09   5.603E-09  -5.783E-09   8.430E-09  -6.298E-09
2062.500   8.983E-08   5.943E-09  -2.801E-08   5.911E-09  -6.093E-09   8.890E-09  -6.688E-09
2067.500   7.361E-08   1.327E-08  -1.605E-08   4.851E-09  -5.086E-09   7.327E-09  -5.483E-09
2072.500   8.191E-08   5.698E-09  -1.009E-08   5.408E-09  -5.648E-09   8.186E-09  -6.133E-09
2077.500   7.862E-08   9.600E-09  -1.314E-08   5.239E-09  -5.370E-09   7.929E-09  -5.908E-09
2082.500   6.975E-08   2.310E-08  -5.910E-09   4.659E-09  -4.812E-09   7.052E-09  -5.253E-09
2087.500   7.495E-08   9.381E-09  -9.240E-09   5.023E-09  -5.190E-09   7.609E-09  -5.664E-09
2092.500   6.883E-08   8.799E-09  -6.011E-09   4.633E-09  -4.776E-09   7.024E-09  -5.220E-09
2097.500   7.613E-08   1.448E-08  -7.072E-09   5.138E-09  -5.309E-09   7.804E-09  -5.804E-09
2102.500   7.264E-08   5.092E-09  -1.148E-08   4.935E-09  -5.102E-09   7.498E-09  -5.578E-09
2107.500   6.188E-08   6.887E-09  -5.428E-09   4.158E-09  -4.345E-09   6.370E-09  -4.752E-09
2112.500   7.476E-08   4.936E-09  -5.377E-09   5.093E-09  -5.277E-09   7.734E-09  -5.779E-09
2117.500   6.492E-08   4.995E-09  -1.599E-08   4.452E-09  -4.590E-09   6.784E-09  -5.002E-09
2122.500   5.925E-08   1.288E-08  -5.061E-09   4.079E-09  -4.208E-09   6.227E-09  -4.587E-09
2127.500   5.719E-08   1.286E-08  -4.984E-09   3.953E-09  -4.073E-09   6.035E-09  -4.441E-09
2132.500   5.912E-08   9.282E-09  -4.839E-09   4.123E-09  -4.228E-09   6.280E-09  -4.615E-09
2137.500   5.477E-08   6.148E-09  -1.026E-08   3.799E-09  -3.939E-09   5.826E-09  -4.304E-09
2142.500   5.654E-08   9.915E-09  -2.207E-08   3.931E-09  -4.060E-09   6.032E-09  -4.453E-09
2147.500   5.652E-08   6.928E-09  -4.585E-09   3.938E-09  -4.084E-09   6.041E-09  -4.472E-09
2152.500   5.548E-08   1.183E-08  -1.231E-08   3.870E-09  -4.027E-09   5.960E-09  -4.426E-09
2157.500   5.697E-08   4.138E-09  -4.378E-09   4.004E-09  -4.156E-09   6.163E-09  -4.562E-09
2162.500   7.922E-08   4.424E-09  -3.495E-08   5.586E-09  -5.786E-09   8.591E-09  -6.386E-09
2167.500   3.247E-08   2.372E-08  -4.607E-09   2.276E-09  -2.387E-09   3.530E-09  -2.633E-09
2172.500   4.993E-08   5.201E-09  -9.657E-09   3.485E-09  -3.673E-09   5.448E-09  -4.083E-09
2177.500   5.219E-08   5.662E-09  -7.916E-09   3.682E-09  -3.875E-09   5.759E-09  -4.251E-09
2182.500   4.897E-08   6.027E-09  -4.788E-09   3.516E-09  -3.660E-09   5.442E-09  -3.995E-09
2187.500   5.034E-08   3.894E-09  -3.866E-09   3.628E-09  -3.735E-09   5.634E-09  -4.109E-09
2192.500   4.735E-08   8.734E-09  -5.595E-09   3.412E-09  -3.535E-09   5.305E-09  -3.912E-09
2197.500   4.675E-08   6.965E-09  -3.775E-09   3.378E-09  -3.519E-09   5.269E-09  -3.874E-09
2202.500   4.762E-08   3.490E-09  -1.316E-08   3.445E-09  -3.594E-09   5.364E-09  -3.961E-09
2207.500   5.722E-08   3.555E-09  -1.523E-08   4.165E-09  -4.316E-09   6.501E-09  -4.774E-09
2212.500   3.110E-08   1.666E-08  -3.820E-09   2.270E-09  -2.356E-09   3.550E-09  -2.594E-09
2217.500   4.796E-08   3.345E-09  -4.511E-09   3.548E-09  -3.638E-09   5.496E-09  -3.997E-09
2222.500   4.339E-08   3.266E-09  -1.308E-08   3.201E-09  -3.297E-09   4.992E-09  -3.617E-09
2227.500   3.828E-08   5.939E-09  -3.502E-09   2.819E-09  -2.933E-09   4.428E-09  -3.219E-09
2232.500   3.764E-08   9.037E-09  -6.893E-09   2.790E-09  -2.887E-09   4.374E-09  -3.171E-09
2237.500   4.171E-08   3.633E-09  -5.510E-09   3.099E-09  -3.215E-09   4.864E-09  -3.537E-09
2242.500   3.315E-08   9.869E-09  -3.284E-09   2.466E-09  -2.574E-09   3.869E-09  -2.837E-09
2247.500   4.098E-08   3.024E-09  -3.605E-09   3.069E-09  -3.186E-09   4.822E-09  -3.494E-09
2252.500   4.136E-08   2.989E-09  -6.745E-09   3.102E-09  -3.227E-09   4.887E-09  -3.559E-09
2257.500   4.153E-08   2.947E-09  -4.941E-09   3.127E-09  -3.255E-09   4.952E-09  -3.587E-09
2262.500   2.888E-08   7.426E-09  -3.089E-09   2.180E-09  -2.274E-09   3.444E-09  -2.504E-09
2267.500   3.906E-08   2.835E-09  -1.014E-08   2.960E-09  -3.094E-09   4.675E-09  -3.395E-09
2272.500   3.775E-08   4.650E-09  -3.189E-09   2.869E-09  -2.999E-09   4.542E-09  -3.308E-09
2277.500   2.899E-08   2.856E-09  -2.937E-09   2.206E-09  -2.304E-09   3.496E-09  -2.559E-09
2282.500   3.416E-08   3.188E-09  -5.471E-09   2.618E-09  -2.735E-09   4.142E-09  -3.037E-09
2287.500   3.072E-08   4.707E-09  -2.702E-09   2.378E-09  -2.423E-09   3.765E-09  -2.704E-09
2292.500   3.303E-08   2.712E-09  -2.631E-09   2.543E-09  -2.661E-09   4.054E-09  -2.932E-09
2297.500   3.295E-08   2.532E-09  -4.512E-09   2.548E-09  -2.653E-09   4.066E-09  -2.931E-09
2302.500   3.191E-08   7.189E-09  -7.350E-09   2.479E-09  -2.561E-09   3.957E-09  -2.868E-09
2307.500   2.641E-08   2.395E-09  -3.983E-09   2.051E-09  -2.142E-09   3.283E-09  -2.376E-09
2312.500   2.979E-08   2.360E-09  -4.320E-09   2.326E-09  -2.435E-09   3.713E-09  -2.695E-09
2317.500   2.913E-08   8.057E-09  -3.892E-09   2.298E-09  -2.377E-09   3.653E-09  -2.645E-09
2322.500   2.698E-08   2.280E-09  -3.263E-09   2.119E-09  -2.207E-09   3.389E-09  -2.456E-09
2327.500   2.738E-08   3.974E-09  -2.347E-09   2.157E-09  -2.260E-09   3.461E-09  -2.487E-09
2332.500   2.862E-08   2.185E-09  -5.984E-09   2.264E-09  -2.353E-09   3.638E-09  -2.605E-09
2337.500   2.657E-08   2.809E-09  -3.101E-09   2.110E-09  -2.204E-09   3.387E-09  -2.435E-09
2342.500   2.517E-08   2.143E-09  -2.435E-09   2.001E-09  -2.100E-09   3.213E-09  -2.327E-09
2347.500   2.561E-08   2.188E-09  -2.174E-09   2.044E-09  -2.134E-09   3.273E-09  -2.369E-09
2352.500   2.503E-08   2.640E-09  -3.227E-09   2.005E-09  -2.096E-09   3.211E-09  -2.314E-09
2357.500   2.581E-08   2.007E-09  -2.122E-09   2.075E-09  -2.171E-09   3.344E-09  -2.389E-09
2362.500   2.149E-08   3.292E-09  -2.384E-09   1.734E-09  -1.815E-09   2.798E-09  -1.998E-09
2367.500   2.365E-08   1.934E-09  -4.500E-09   1.911E-09  -2.003E-09   3.101E-09  -2.214E-09
2372.500   1.957E-08   4.105E-09  -2.041E-09   1.598E-09  -1.666E-09   2.579E-09  -1.835E-09
2377.500   2.386E-08   4.256E-09  -1.935E-09   1.945E-09  -2.044E-09   3.146E-09  -2.249E-09
2382.500   2.098E-08   1.824E-09  -5.560E-09   1.717E-09  -1.802E-09   2.779E-09  -1.994E-09
2387.500   2.129E-08   4.047E-09  -2.065E-09   1.751E-09  -1.825E-09   2.834E-09  -2.034E-09
2392.500   2.102E-08   1.970E-09  -1.863E-09   1.727E-09  -1.816E-09   2.795E-09  -2.016E-09
2397.500   2.057E-08   1.753E-09  -2.466E-09   1.688E-09  -1.776E-09   2.754E-09  -1.972E-09
2402.500   2.107E-08   1.726E-09  -4.844E-09   1.744E-09  -1.830E-09   2.838E-09  -2.036E-09
2407.500   1.950E-08   1.885E-08  -2.043E-09   1.610E-09  -1.693E-09   2.632E-09  -1.888E-09
2412.500   1.966E-08   1.642E-09  -1.660E-08   1.632E-09  -1.714E-09   2.655E-09  -1.914E-09
2417.500   1.831E-08   3.247E-09  -1.706E-09   1.528E-09  -1.603E-09   2.486E-09  -1.801E-09
2422.500   2.175E-08   1.621E-09  -5.332E-09   1.821E-09  -1.915E-09   2.974E-09  -2.137E-09
2427.500   1.691E-08   5.520E-09  -1.664E-09   1.419E-09  -1.490E-09   2.324E-09  -1.661E-09
2432.500   1.857E-08   1.548E-09  -3.051E-09   1.562E-09  -1.637E-09   2.561E-09  -1.824E-09
2437.500   1.793E-08   1.519E-09  -1.640E-09   1.516E-09  -1.588E-09   2.486E-09  -1.765E-09
2442.500   2.111E-08   1.531E-09  -4.211E-09   1.791E-09  -1.876E-09   2.940E-09  -2.080E-09
2447.500   1.392E-08   4.356E-09  -1.559E-09   1.183E-09  -1.242E-09   1.945E-09  -1.378E-09
2452.500   1.438E-08   2.111E-09  -1.520E-09   1.225E-09  -1.289E-09   2.018E-09  -1.432E-09
2457.500   1.695E-08   1.424E-09  -2.279E-09   1.451E-09  -1.520E-09   2.389E-09  -1.695E-09
2462.500   1.640E-08   1.392E-09  -1.641E-09   1.407E-09  -1.477E-09   2.322E-09  -1.645E-09
2467.500   1.519E-08   1.677E-09  -1.413E-09   1.308E-09  -1.369E-09   2.157E-09  -1.524E-09
2472.500   1.175E-08   7.458E-09  -1.442E-09   1.014E-09  -1.065E-09   1.676E-09  -1.183E-09
2477.500   1.759E-08   1.321E-09  -2.175E-09   1.523E-09  -1.601E-09   2.520E-09  -1.785E-09
2482.500   1.537E-08   1.275E-09  -2.241E-09   1.335E-09  -1.407E-09   2.213E-09  -1.568E-09
2487.500   1.354E-08   1.515E-09  -1.482E-09   1.187E-09  -1.240E-09   1.963E-09  -1.380E-09
2492.500   1.583E-08   1.249E-09  -2.983E-09   1.390E-09  -1.454E-09   2.301E-09  -1.615E-09
2497.500   1.288E-08   2.432E-09  -1.282E-09   1.131E-09  -1.185E-09   1.877E-09  -1.323E-09
2502.500   1.377E-08   2.256E-09  -2.238E-09   1.212E-09  -1.272E-09   2.016E-09  -1.418E-09
2507.500   1.254E-08   1.166E-09  -2.471E-09   1.104E-09  -1.165E-09   1.842E-09  -1.298E-09
2512.500   1.280E-08   1.622E-09  -1.464E-09   1.130E-09  -1.193E-09   1.888E-09  -1.332E-09
2517.500   1.292E-08   2.349E-09  -1.170E-09   1.145E-09  -1.206E-09   1.912E-09  -1.338E-09
2522.500   1.277E-08   2.011E-09  -1.655E-09   1.137E-09  -1.193E-09   1.896E-09  -1.331E-09
2527.500   1.115E-08   2.712E-09  -1.279E-09   9.939E-10  -1.043E-09   1.660E-09  -1.172E-09
2532.500   1.438E-08   9.110E-09  -1.088E-09   1.285E-09  -1.360E-09   2.140E-09  -1.528E-09
2537.500   7.552E-09   2.859E-09  -1.041E-08   6.787E-10  -7.142E-10   1.134E-09  -7.993E-10
2542.500   1.169E-08   7.216E-09  -1.303E-09   1.052E-09  -1.108E-09   1.761E-09  -1.238E-09
2547.500   1.457E-08   1.071E-09  -1.119E-08   1.314E-09  -1.391E-09   2.209E-09  -1.553E-09
2552.500   8.943E-09   3.484E-09  -1.070E-09   8.101E-10  -8.548E-10   1.362E-09  -9.560E-10
2557.500   1.094E-08   9.864E-10  -1.908E-09   9.919E-10  -1.049E-09   1.669E-09  -1.176E-09
2562.500   1.125E-08   1.429E-09  -9.851E-10   1.023E-09  -1.081E-09   1.726E-09  -1.210E-09
2567.500   1.095E-08   9.618E-10  -1.103E-09   1.000E-09  -1.054E-09   1.689E-09  -1.183E-09
2572.500   1.216E-08   9.601E-10  -4.406E-09   1.116E-09  -1.177E-09   1.884E-09  -1.318E-09
2577.500   1.046E-08   1.518E-09  -9.323E-10   9.619E-10  -1.015E-09   1.631E-09  -1.139E-09
2582.500   9.312E-09   1.836E-09  -9.390E-10   8.572E-10  -9.068E-10   1.453E-09  -1.016E-09
2587.500   1.010E-08   1.575E-09  -2.753E-09   9.328E-10  -9.831E-10   1.582E-09  -1.101E-09
2592.500   9.795E-09   8.744E-10  -1.052E-09   9.085E-10  -9.572E-10   1.542E-09  -1.073E-09
2597.500   9.289E-09   1.040E-09  -2.534E-09   8.654E-10  -9.139E-10   1.468E-09  -1.022E-09
2602.500   8.324E-09   2.362E-09  -9.811E-10   7.787E-10  -8.215E-10   1.321E-09  -9.203E-10
2607.500   8.218E-09   2.231E-09  -8.623E-10   7.699E-10  -8.140E-10   1.310E-09  -9.139E-10
2612.500   7.917E-09   2.047E-09  -8.496E-10   7.452E-10  -7.875E-10   1.268E-09  -8.823E-10
2617.500   9.302E-09   7.998E-10  -1.960E-09   8.780E-10  -9.266E-10   1.494E-09  -1.039E-09
2622.500   7.360E-09   2.861E-09  -8.264E-10   6.944E-10  -7.353E-10   1.186E-09  -8.241E-10
2627.500   8.841E-09   7.715E-10  -2.693E-09   8.337E-10  -8.843E-10   1.429E-09  -9.939E-10
2632.500   8.239E-09   7.540E-10  -1.815E-09   7.858E-10  -8.257E-10   1.339E-09  -9.287E-10
2637.500   7.167E-09   3.816E-09  -7.729E-10   6.844E-10  -7.180E-10   1.172E-09  -8.082E-10
2642.500   8.042E-09   7.216E-10  -3.589E-09   7.709E-10  -8.044E-10   1.309E-09  -9.200E-10
2647.500   7.318E-09   7.723E-10  -1.144E-09   7.004E-10  -7.536E-10   1.189E-09  -8.466E-10
2652.500   6.787E-09   1.694E-09  -7.407E-10   6.550E-10  -6.902E-10   1.116E-09  -7.799E-10
2657.500   8.132E-09   6.942E-10  -1.554E-09   7.837E-10  -8.289E-10   1.346E-09  -9.330E-10
2662.500   7.795E-09   6.860E-10  -8.504E-10   7.560E-10  -7.981E-10   1.298E-09  -8.964E-10
2667.500   6.767E-09   9.899E-10  -9.880E-10   6.568E-10  -6.958E-10   1.129E-09  -7.811E-10
2672.500   7.650E-09   6.595E-10  -3.021E-09   7.438E-10  -7.893E-10   1.282E-09  -8.874E-10
2677.500   6.523E-09   1.074E-09  -6.684E-10   6.369E-10  -6.748E-10   1.099E-09  -7.596E-10
2682.500   6.398E-09   9.697E-10  -6.572E-10   6.265E-10  -6.640E-10   1.082E-09  -7.472E-10
2687.500   7.534E-09   6.306E-10  -1.727E-09   7.394E-10  -7.848E-10   1.277E-09  -8.829E-10
2692.500   5.554E-09   1.601E-09  -6.457E-10   5.472E-10  -5.794E-10   9.475E-10  -6.533E-10
2697.500   5.697E-09   1.406E-09  -7.416E-10   5.628E-10  -5.965E-10   9.764E-10  -6.731E-10
2702.500   6.311E-09   6.288E-10  -1.681E-09   6.248E-10  -6.629E-10   1.086E-09  -7.485E-10
2707.500   5.784E-09   1.892E-08  -6.017E-10   5.750E-10  -6.091E-10   9.992E-10  -6.879E-10
2712.500   5.849E-09   5.751E-10  -1.947E-08   5.838E-10  -6.187E-10   1.015E-09  -6.971E-10
2717.500   5.899E-09   5.885E-10  -1.207E-09   5.904E-10  -6.227E-10   1.029E-09  -7.035E-10
