0.1000E+01     0.1169E+00
0.2000E+01     0.1867E+00
0.4000E+01     0.2732E+00
0.6000E+01     0.3443E+00
0.8000E+01     0.4174E+00
0.1000E+02     0.4803E+00
0.1200E+02     0.5380E+00
0.1400E+02     0.5982E+00
0.1600E+02     0.6594E+00
0.1800E+02     0.7223E+00
0.2000E+02     0.7833E+00
0.2200E+02     0.8436E+00
0.2400E+02     0.9025E+00
0.2600E+02     0.9609E+00
0.2800E+02     0.1016E+01
0.3000E+02     0.1071E+01
0.3200E+02     0.1124E+01
0.3400E+02     0.1174E+01
0.3600E+02     0.1220E+01
0.3800E+02     0.1267E+01
0.4000E+02     0.1308E+01
0.4400E+02     0.1390E+01
0.4800E+02     0.1454E+01
0.5200E+02     0.1518E+01
0.5600E+02     0.1564E+01
0.6000E+02     0.1599E+01
0.6400E+02     0.1629E+01
0.6800E+02     0.1641E+01
0.7200E+02     0.1650E+01
0.7600E+02     0.1649E+01
0.8000E+02     0.1638E+01
0.8400E+02     0.1622E+01
0.8800E+02     0.1597E+01
0.9200E+02     0.1570E+01
0.9600E+02     0.1532E+01
0.1000E+03     0.1494E+01
0.1040E+03     0.1449E+01
0.1080E+03     0.1403E+01
0.1120E+03     0.1354E+01
0.1160E+03     0.1302E+01
0.1200E+03     0.1251E+01
0.1240E+03     0.1196E+01
0.1280E+03     0.1143E+01
0.1320E+03     0.1090E+01
0.1360E+03     0.1037E+01
0.1400E+03     0.9851E+00
0.1440E+03     0.9360E+00
0.1480E+03     0.8850E+00
0.1520E+03     0.8392E+00
0.1560E+03     0.7929E+00
0.1600E+03     0.7449E+00
0.1640E+03     0.7042E+00
0.1680E+03     0.6654E+00
0.1720E+03     0.6281E+00
0.1760E+03     0.5880E+00
0.1800E+03     0.5588E+00
0.1840E+03     0.5218E+00
0.1880E+03     0.4890E+00
0.1920E+03     0.4562E+00
0.1960E+03     0.4287E+00
0.2000E+03     0.4048E+00
0.2200E+03     0.2922E+00
0.2400E+03     0.2114E+00
0.2600E+03     0.1533E+00
0.2800E+03     0.1151E+00
0.3000E+03     0.8246E-01
0.3200E+03     0.6091E-01
0.3400E+03     0.4563E-01
0.3600E+03     0.3416E-01
0.3800E+03     0.2594E-01
0.4000E+03     0.1979E-01
0.4200E+03     0.1515E-01
0.4400E+03     0.1174E-01
0.4600E+03     0.9111E-02
0.4800E+03     0.7133E-02
0.5000E+03     0.5603E-02
0.5200E+03     0.4414E-02
0.5400E+03     0.3515E-02
0.5600E+03     0.2790E-02
0.5800E+03     0.2237E-02
0.6000E+03     0.1795E-02
0.6200E+03     0.1441E-02
0.6400E+03     0.1167E-02
0.6600E+03     0.9434E-03
0.6800E+03     0.7652E-03
0.7000E+03     0.6248E-03
0.7200E+03     0.5091E-03
0.7400E+03     0.4170E-03
0.7600E+03     0.3419E-03
0.7800E+03     0.2795E-03
0.8000E+03     0.2304E-03
0.8200E+03     0.1896E-03
0.8400E+03     0.1565E-03
0.8600E+03     0.1292E-03
0.8800E+03     0.1069E-03
0.9000E+03     0.8837E-04
0.9200E+03     0.7317E-04
0.9400E+03     0.6069E-04
0.9600E+03     0.5034E-04
0.9800E+03     0.4190E-04
0.1000E+04     0.3473E-04
0.1020E+04     0.2890E-04
0.1040E+04     0.2402E-04
0.1060E+04     0.2000E-04
0.1080E+04     0.1665E-04
0.1100E+04     0.1384E-04
0.1120E+04     0.1155E-04
0.1140E+04     0.9624E-05
0.1160E+04     0.8006E-05
0.1180E+04     0.6661E-05
0.1200E+04     0.5564E-05
0.1220E+04     0.4626E-05
0.1240E+04     0.3857E-05
0.1260E+04     0.3205E-05
0.1280E+04     0.2664E-05
0.1300E+04     0.2219E-05
0.1320E+04     0.1843E-05
0.1340E+04     0.1531E-05
0.1360E+04     0.1269E-05
0.1380E+04     0.1054E-05
0.1400E+04     0.8721E-06
0.1420E+04     0.7237E-06
0.1440E+04     0.5974E-06
0.1460E+04     0.4953E-06
0.1480E+04     0.4075E-06
0.1500E+04     0.3353E-06
