-.3600E+01     0.2286E-03
-.3500E+01     0.1549E-02
-.3400E+01     0.6710E-02
-.3300E+01     0.2612E-01
-.3200E+01     0.7981E-01
-.3100E+01     0.1983E+00
-.3000E+01     0.4207E+00
-.2900E+01     0.7941E+00
-.2800E+01     0.1360E+01
-.2700E+01     0.2171E+01
-.2600E+01     0.3270E+01
-.2500E+01     0.4659E+01
-.2400E+01     0.6368E+01
-.2300E+01     0.8437E+01
-.2200E+01     0.1082E+02
-.2100E+01     0.1357E+02
-.2000E+01     0.1637E+02
-.1900E+01     0.1951E+02
-.1800E+01     0.2307E+02
-.1700E+01     0.2671E+02
-.1600E+01     0.3071E+02
-.1500E+01     0.3479E+02
-.1400E+01     0.3873E+02
-.1300E+01     0.4287E+02
-.1200E+01     0.4687E+02
-.1100E+01     0.5107E+02
-.1000E+01     0.5508E+02
-.9000E+00     0.5913E+02
-.8000E+00     0.6321E+02
-.7000E+00     0.6715E+02
-.6000E+00     0.7048E+02
-.5000E+00     0.7371E+02
-.4000E+00     0.7587E+02
-.3000E+00     0.7815E+02
-.2000E+00     0.7971E+02
-.1000E+00     0.8042E+02
0.0000E+00     0.8065E+02
0.1000E+00     0.8061E+02
0.2000E+00     0.7972E+02
0.3000E+00     0.7841E+02
0.4000E+00     0.7630E+02
0.5000E+00     0.7376E+02
0.6000E+00     0.7088E+02
0.7000E+00     0.6743E+02
0.8000E+00     0.6339E+02
0.9000E+00     0.5962E+02
0.1000E+01     0.5530E+02
0.1100E+01     0.5121E+02
0.1200E+01     0.4689E+02
0.1300E+01     0.4283E+02
0.1400E+01     0.3877E+02
0.1500E+01     0.3472E+02
0.1600E+01     0.3050E+02
0.1700E+01     0.2667E+02
0.1800E+01     0.2293E+02
0.1900E+01     0.1945E+02
0.2000E+01     0.1629E+02
0.2100E+01     0.1345E+02
0.2200E+01     0.1073E+02
0.2300E+01     0.8315E+01
0.2400E+01     0.6293E+01
0.2500E+01     0.4566E+01
0.2600E+01     0.3197E+01
0.2700E+01     0.2118E+01
0.2800E+01     0.1324E+01
0.2900E+01     0.7721E+00
0.3000E+01     0.4093E+00
0.3100E+01     0.1933E+00
0.3200E+01     0.7781E-01
0.3300E+01     0.2569E-01
0.3400E+01     0.6675E-02
0.3500E+01     0.1553E-02
0.3600E+01     0.2282E-03
