-.3600E+01     0.1631E-04
-.3500E+01     0.9428E-04
-.3400E+01     0.6323E-03
-.3300E+01     0.4258E-02
-.3200E+01     0.1878E-01
-.3100E+01     0.5997E-01
-.3000E+01     0.1526E+00
-.2900E+01     0.3299E+00
-.2800E+01     0.6292E+00
-.2700E+01     0.1091E+01
-.2600E+01     0.1754E+01
-.2500E+01     0.2644E+01
-.2400E+01     0.3789E+01
-.2300E+01     0.5206E+01
-.2200E+01     0.6894E+01
-.2100E+01     0.8861E+01
-.2000E+01     0.1101E+02
-.1900E+01     0.1342E+02
-.1800E+01     0.1605E+02
-.1700E+01     0.1888E+02
-.1600E+01     0.2187E+02
-.1500E+01     0.2498E+02
-.1400E+01     0.2813E+02
-.1300E+01     0.3120E+02
-.1200E+01     0.3436E+02
-.1100E+01     0.3757E+02
-.1000E+01     0.4070E+02
-.9000E+00     0.4375E+02
-.8000E+00     0.4659E+02
-.7000E+00     0.4945E+02
-.6000E+00     0.5189E+02
-.5000E+00     0.5403E+02
-.4000E+00     0.5582E+02
-.3000E+00     0.5724E+02
-.2000E+00     0.5832E+02
-.1000E+00     0.5935E+02
0.0000E+00     0.5951E+02
0.1000E+00     0.5927E+02
0.2000E+00     0.5848E+02
0.3000E+00     0.5731E+02
0.4000E+00     0.5591E+02
0.5000E+00     0.5415E+02
0.6000E+00     0.5185E+02
0.7000E+00     0.4958E+02
0.8000E+00     0.4674E+02
0.9000E+00     0.4379E+02
0.1000E+01     0.4078E+02
0.1100E+01     0.3759E+02
0.1200E+01     0.3444E+02
0.1300E+01     0.3123E+02
0.1400E+01     0.2811E+02
0.1500E+01     0.2490E+02
0.1600E+01     0.2181E+02
0.1700E+01     0.1880E+02
0.1800E+01     0.1600E+02
0.1900E+01     0.1339E+02
0.2000E+01     0.1101E+02
0.2100E+01     0.8856E+01
0.2200E+01     0.6871E+01
0.2300E+01     0.5183E+01
0.2400E+01     0.3771E+01
0.2500E+01     0.2627E+01
0.2600E+01     0.1741E+01
0.2700E+01     0.1082E+01
0.2800E+01     0.6236E+00
0.2900E+01     0.3265E+00
0.3000E+01     0.1511E+00
0.3100E+01     0.5943E-01
0.3200E+01     0.1865E-01
0.3300E+01     0.4233E-02
0.3400E+01     0.6315E-03
0.3500E+01     0.9447E-04
0.3600E+01     0.1633E-04
